,index,comments,like,dislike,predict,percent,truelike,wholelike
0,0,전형적인 지부동 공먼 스퇄......문씨보다 더 답답한 고구마 스타일.......ㅠ,1,0,0,1.31,1,1
1,1,사기치고 있는 민주당은 아웃이다,1,0,0,2.43,1,1
2,2,일 잘하는 놈은 두자. OOO 거지같은 것들도 많은데 거기나 신경쓰자.,0,0,0,4.42,0,0
3,3,물총리  눈이있어도 입이있어도 청와대에게는 바보 물총리...,1,1,0,16.28,2,0
4,4,"그래봤자, 전라도에 의한, 전라도의, 전라도를 위한 총리일뿐....그 이상 이하도 아니다....전라도 지지율 믿고 건방떨지 마라",2,1,0,0.49,3,1
5,5,지가 뭐라도 된 듯. 못난 놈,0,0,0,9.57,0,0
6,6,진정한 차기 대통령감이다. 정무감각도 훌륭하고 인품이나 언변 뭐 하나 빠지는 부분이 없음.,3,2,1,99.84,5,1
7,7,책임 총리제가 되었다면 대통령과 임기를 같이하는 것이다. 총리를 국회에서 추천하는 개헌을 해야 할 것 같다.,1,0,1,62.67,1,1
8,8,최장수 전라도 얼굴 마담이지. 한 일이 뭐냐?,3,1,0,14.37,4,2
9,9,댓글알바 심각하네,0,0,0,2.72,0,0
10,10,"나라 개판 쳐 놓고, 총선 나온다고, 지나가는 소가 웃을 일이다.",1,0,0,0.6,1,1
11,11,천년묵은 구렁이 느낌,0,0,0,26.84,0,0
12,12,수고하셨고 앞으론 안 뵈었음 합니다,1,0,1,95.24,1,1
13,13,그나마 문대통령님의 그릇이 크니까 전적인 권한위임을 해서  이렇게 오래 포용하는거지. 쥐나 503같은 쫌팽이들은 허수아비들이나 세워두었지.,0,0,0,1.49,0,0
14,14,사람이 얼마나 없으면...,1,1,0,10.95,2,0
15,15,항상 겸손하신 모습에 놀라고 왜 이제야 나온신겁니까..국내에서 볼수없는 정치인은 확실하다..,3,5,1,86.1,8,-2
16,16,마치 국가에 충성하는것처럼 꾸미고있네  니몸을  니마음데로 못하면 산에 누운 송장이란  말인가잘못된정권을 바로잡을  생각은 않고 눈깔통 똥꾸에 주디박고 빨아되는  꼬라지 전형적인  귀향지  종자의  행태다,3,0,0,0.16,3,3
17,17,이낙연이 대통령 되면 이민 간다.,3,2,0,23.24,5,1
18,18,최소한 의전에 취한 삭발쟁이처럼 굴진 않을거라 믿소,0,1,1,95.13,1,-1
19,19,당신은 이미 흉하고 멋대로 총리짓했다!!,2,0,0,8.99,2,2
20,20,핫바지..느낌을 이제서야  알았다..ㅉㅉ,2,0,1,74.88,2,2
21,21,이낙연은 이제 친문이다. 총리를 안했다면 몰랐을텐데 정말 품격 높은 정치인이라고 생각한다,3,4,1,54.63,7,-1
22,22,자유당 대표 워래대표 그이하 똘마니들 세금만 축내고 일년내내 뭐했냐~ㅇㅇㅇ들아 우리집 똥개는 집이라도 지키지~일좀해라 ㅇㅇㅇ들아,2,2,0,0.96,4,0
23,23,단군이래 최대 공산당 민주당과 정의당은 이번 국회의원 선거에서 나라망친 죗값으로 폐당 되리,3,0,0,0.36,3,3
24,24,한게 뭐있니 ?,0,0,0,34.42,0,0
25,25,"그간 삶의 궤작, 제도권안애서의 교육, 월급쟁이 경험, 정치 경험, 행정 경험., 진증한 인품 ...차기로 마땅하다.",4,2,1,99.94,6,2
26,26,깜도 안되면서... 귀농이나하시오.,1,2,0,9.2,3,-1
27,27,음흉한능구렁이,4,1,0,48.34,5,3
28,28,댓글들 멋지네 늙음 죽어야지...,0,1,1,80.05,1,-1
29,29,흉한거 잘 알고있네 흉하다 흉해 조국 궤변으로 옹호하던 모습,2,2,1,85.37,4,0
30,30,가만히 있음 중간이라도 가지...조국사태때  남자 검찰들이 여자들만 있는집에  들어가 압수수색 하고  짜장시켜먹었다고  가짜뉴스 전파해서...머리텅텅 빈거 알게됨.. 이제  안봤음 좋겠음!,7,3,1,55.87,10,4
31,31,유령총리ㆍ식물총리있으나 마나 존재감이 없는 총리 오래해서뭐할꼬이름만 더럽히지,1,1,0,10.76,2,0
32,32,이낙년이 간다고 해서 달라지는 건 하나도 없을텐데,2,1,0,41.21,3,1
33,33,역시  대통령감이네요.  서민을 생각해주심  감사,2,3,1,97.82,5,-1
34,34,괴뢰 문재인이 망가졌으니 주인이 직접 전면에 나설 때가 되지 않았나?,0,0,0,11.49,0,0
35,35,토착왜구ㅋㅋㅋㅋㅋㅋ,0,0,0,33.71,0,0
36,36,이낙연을 한마디로 표현하라면 의뭉스럽다라고 하고프네요.,0,0,0,11.14,0,0
37,37,업적 세금축내기 돈퍼줘서 인심 쌓기 ㅋㅋ,0,0,0,16.2,0,0
38,38,능구렁이가 수백마리는 들어앉아있을것같네  바른소리하나 안하고 자빠져있는데 뭔자랑질이냐,1,1,0,1.02,2,0
39,39,넌 그냥 흉해,0,0,0,5.57,0,0
40,40,엉큼하고 잔인한 이기주의자 가면을 벗겨야 부산의전아들,1,2,0,0.73,3,-1
41,41,모든 여권 꽂아 놓아도 나라가 이 모양이면 실패작,0,0,0,2.13,0,0
42,42,계속 총리직에 계시길,0,0,1,83.12,0,0
43,43,좋은것만할려고했어요?,0,0,0,27.49,0,0
44,44,동생 연루된거 조사 받아야죠?,0,0,0,25.97,0,0
45,45,워낙 안정적이고 신중하셔서 ㅠㅠ 참 지금 민주당 어쩐데 ㅠㅠ,0,0,1,73.52,0,0
46,46,업적이 없으니 내려올 일이 없지ㅋㅋ,0,0,0,25.73,0,0
47,47,나도 이낙연 총리에게 한표!,5,0,1,83.07,5,5
48,48,누가보면 유능해서 총리 된듯,3,0,1,68.46,3,3
49,49,헛바지 아니가  그만큼  사람이 민주당엔 없다는 증거야   진정한 진보가답인데  그당에는 없다는거지,0,1,1,93.17,1,-1
50,50,조중동의 센터 중찌라시 벌레3집합소,1,0,0,17.92,1,1
51,51,중앙 찌라시 제목으로 장난 그만 해라~ 마이 묵으따이가?!,1,0,0,0.06,1,1
52,52,제일 무능한 총리  장수 할수밬에 내시형  가만히  쫄쫄 쫏아다녓네요  멍청하다못해  간신형,0,1,0,17.53,1,-1
53,53,무능한 민주당 국회의원들아 다른사람 그늘에 숨어서 국회의원 하려말고 일이나 잘해라 너희는 틀렸오!,1,1,1,99.0,2,0
54,54,겸손하고 진정성 있고 차분하고 총리로서 정치인으로서 저정도 인물을 찾기가 힘들죠,5,4,1,96.82,9,1
55,55,총리님 일왕 만나서 좋았음?,1,0,1,78.83,1,1
56,56,나는 이낙연총리 맘에든다 뭔가 진중하고 진지하고 특히 카리스마가 일품이지 절대로 화내지않는 냉정하게 판단하는 이낙연 기억하고 있겠음.,6,3,1,100.0,9,3
57,57,"가짜평화팔이 안보파괴, 대북제제위반 이적행위, 한미동맹파괴, 기업적대시,법인세,최저임금 급격인상과 소득주도니 뭐니 하는 생산성증가 없이 부자돈 뺏어 저소득자에게 뿌려 경제가 활성화시킨다는 미친짓으로 제조업, 자영업폭망시키고, 대일외교파괴로 산업파괴위기에 북괴처럼 자력갱생떠들고,혈세80조넘게 쓰고 일자리는 박멸시키고, 노인공공알바 수십만개 만들어 통계조작하고!! 결국 세금 몇십만원에 의지하며 살게해 가난한 인간들 더 증가시켜 정부의존도높여 장기집권하려는 종북사회주의 문두로정부와 더불어공산당!! 정신차리고 총선투표로 모두 몰아내자!",2,2,0,0.0,4,0
58,58,아마 절라도. 광주에서 나올걸,0,0,0,2.57,0,0
59,59,그나물에 그밥인데 이곳도 희망없다. 내년 총선에 누굴찍을까? 아베나 찍을까?,0,0,0,4.67,0,0
60,60,현정부의 국정 운영이 개판인데 그 개판을 안정적으로 이끌었다는 뜻인가요? 진짜 몰라서 물어보는거에요,2,0,0,0.01,2,2
61,61,친노 순혈주의에 정동영이 희생되었듯이 친문 순혈주의에 이낙연이 희생될 가능성이 높다 더러운 친노친문의 영남패권주의,1,0,0,1.25,1,1
62,62,전라도 총리답네,0,0,0,28.57,0,0
63,63,소위 친문 친노 순혈주의자들은 이제 자신들만의 힘으로는 더 이상 안정된 정권 유지도 재창출도 어렵다는 것을 깨달아야 한다. 고착된 사고의 틀을 깨지않는 한 민주당 정권의 장기적 생존을 위한 비전이 나오기 어렵다.,0,0,1,99.3,0,0
64,64,또. 기사거리.만드는군? ...ㅋ.ㅋ언론 .....공정하자.. ....지금 ..겡제가난리인데..ㅈ경제관런...기사좀내고. .정부대책에대하여.기사내고...논평좀해라.... .언론중립해라..총선은. 내년이다.... .지금 ..이런내용은..오해소지있다..,0,0,0,46.64,0,0
65,65,사상 검증이 안된 분이어서 아직은 아닌것 같네요~~문재인 정권 하에 그나마 총리로서 역활은 잘 하셨는데 사상과 한쪽으로 편향적인 정치 색깔이 아직은 전국민에게는 아닌것 같습니다~~사회주의 공산주의 사상을  가진 분은 이나라에 주인이 될수 없습니다 ㅋ,2,1,0,16.16,3,1
66,66,저ㅅㅋ는 강원도 산불 민둥산될때까지 다타서 불이 꺼졌을때 지 일 잘했다고 자화자찬하는데 쇼하는게 뻔히 보이더라,1,1,0,1.68,2,0
67,67,우와 대단하다. 난 조국 집  압수수색할 때 '여성 두 분만 계신데.....'어쩌구 할 때 아니더만....,1,0,1,98.92,1,1
68,68,지지율 회복세라며...왜그러지?,0,0,0,15.79,0,0
69,69,조국하고 유시민 물 건너가니 차기 대권후보라 판단하고 미리 줄서기하는거 보소.,0,1,1,90.01,1,-1
70,70,자한당이든 민주당이든 경상도 출신은 이젠 대통령 그만 해먹었으면 좋겠다.,0,1,0,3.49,1,-1
71,71,그래 어벙하고 사이비 경상도 애앞세워 대통령만들고 뛰어내리게 하지말고 완전한 촛빨홍어순종을 내보내라. 확실하게 정동영[2]로 만들어 줄께. 어서 나와라.,0,1,0,0.21,1,-1
72,72,이제 총리까지 끌어내리라히네,0,0,0,32.02,0,0
73,73,토착왜구 자한당이  없어지면  우리나라  좋은나라~~~검찰   언론  개혁공수처  설치해서  비리  검새  판새  국개들  처벌하자,1,7,0,21.52,8,-6
74,74,민주당 문어벙 진짜 아웃시키고 싶다,3,2,0,1.53,5,1
75,75,"무능 ,파렴치,막무가내,무책임. 표플리즘,이상성애자,공산주의자들 모임 = 더불어 공산당",10,1,0,3.68,11,9
76,76,이낙연은 제2의 정동영이지 호남만 벗어나면 바보가 되는,4,2,0,17.21,6,2
77,77,애초에 일본어 써가면서 일본에 아첨할꺼면 반일선동을 하지 말던가 이제와서,4,1,0,0.3,5,3
78,78,기레기가..어디서 이간질하고있어..카악~퇫!,0,1,1,74.56,1,-1
79,79,전남도지사 복직 하세요,2,0,0,29.82,2,2
80,80,내각을 관리하는 책임총리로서  잘한게 뭐지.비리가많은 조국을 감싸주고. 짤릴까싶어 문재인 눈치나보고 그러니까 총리는 오래해먹네. 양심이 있어라,5,0,1,90.15,5,5
81,81,꼴래  이낙연  간첩 쓰레기 민주당 끝났다,0,0,0,0.62,0,0
82,82,노쇼찬이 꺼져야지.,1,0,0,15.93,1,1
83,83,전라도 투표권 없애라,2,1,0,41.01,3,1
84,84,간신배자기소신도혼도조국위해팔아버리갈대에마음 줄잘서는되는이사람따라갈사람었지 이사람과거를보면잘알것니다,0,0,1,99.94,0,0
85,85,문재인보다 이낙연이 대세네? ㅋㅋ,0,0,0,7.31,0,0
86,86,차기 대선주자 만드려고 언플 존나게 해대네,1,0,0,6.02,1,1
87,87,갑자기 너무 띄우네 ㅋㅋㅋ 역풍에 베팅할 정도로 힘들구나 좌익들 ㅋㅋ,4,0,0,5.39,4,4
88,88,문도 자기처럼 사랑받는 사람 없을꺼라 하고...이상하다 얘네들은ㅋㅋㅋ,1,0,0,15.37,1,1
89,89,자기 주군 박근혜 내팽개친 황교안 보단 훨 낫다!! 그래놓고 박정희의 정신을 이어받는단다!! 정말 기가 막힐 노릇이다!,0,1,0,15.6,1,-1
90,90,원래 레임덕 시작되면 차기 후보 떠오른다...뭐 그들만의 리그겠지만~~ 포케페이스로  자리보존형 스타일이라 밥맛~강력한 카리스마가 없다..주변국 수장들은 다 한 성격 하는데...문가마냥 허헣 그러고 다닐듯..,0,0,0,0.51,0,0
91,91,아니 ㅋㅋ 이낙연이 선대위 맡으면 대체 뭐가 달라지는데? 진짜 이해안되네 ㅋㅋ 후임 총리 누구 정하느냐에 따라서 지지율 더 곤두박질 칠 거라는 생각은 안드냐? ㅋ 니들은 문재인 탈당시키는게 더 나을거다.,2,0,0,2.93,2,2
92,92,또 민주당출신 대통령나오면  이나라그냥 없어질듯 농업국가로 돌아갈듯..,4,0,1,50.17,4,4
93,93,이낙연은 친일파인데 니들 친일파할래? 다불어당아.,2,0,0,7.15,2,2
94,94,이낙연이 온다고 보수가 승리할거라고 생각하니?,0,1,1,83.82,1,-1
95,95,정신 나간 민주당 돌대가리들.이낙연총리가 입당하면 국민들이 너희들을 바라보는 국민의 시선이 바뀔것 같냐?이낙연은 개인으로 호감들을 가지는 겨야.착각 하지들 마라.너희들은 이미 난파선에 승선해. ㅣ,2,0,0,47.63,2,2
96,96,함박도가 북한 땅이라고 당당하게 말하던지일파 정치가,3,0,0,43.39,3,3
97,97,일반적으로 제도를 고치면 이익손해 보는 자가 생기므로 제도개선전 충분한 논의 및 경과기간을 두는게 당연하다. 그런데 선거제도를 고쳐 바로 적용하는 건 누군가 이익을 노리는 작전이 명확하다. 왜 이리 선거법을 급히 고치려는지 속이 뻔히 드려다 보인다. 정의당 의석늘려 게슈타포 공수처 만들고자 하는 것 아닌가?,1,0,0,0.0,1,1
98,98,쩝쩝 낙여나 ~너 가고나니 술친구가 없다. 얼릉내려와라 쩝쭵,1,0,0,37.49,1,1
99,99,일왕 앞에서 아주 유창한 일본어 구사하시면서 일왕 앞에서 토착왜구의 자존심을 살려준 우리 낙베 ㅋ,0,0,0,42.69,0,0
100,100,"꿈깨라!! 개낙연이도 범죄자다!  여자 2명 있는집 운운하며 기생충가족 범죄은닉죄, 하위사실 유포죄 모두 철저히 조사해서 콩밥 먹여야 한다!!",2,0,0,0.17,2,2
101,101,선거제도를 고쳐 바로 적용하는 건 누군가 이익을 노리는 작전이 명확하다. 왜 이리 선거법을 급히 고치려는지 속이 뻔히 드려다 보인다. 정의당 의석늘려 게슈타포 공수처 만들고자 하는 것 아닌가?,2,0,0,0.01,2,2
102,102,눈빛과 목소리에서 흔들림이 없어. 신뢰가 가는 인물.,0,1,1,62.17,1,-1
103,103,"한국이 경제성장이 2%도 않되는 나라로 만든 적와대와 더불어 민좆당놈들의 경제 실정으로 자영업이나, 국가 경쟁력을 완전 사회주의식 전략으로 파일을 키워야 나라가 성장하는데, 파일자체를 없에는 정책으로 나라경제가 완전폭망수준으로 2년만에 완전 거덜낸 놈들이 정권을 다시 잡는다, 완전 베네수엘라를 넘어 북괴수준으로 만들려고, 미친 OOO들이 나라를 거덜내고 있다, 최고의 기술인 원전을 포기하고, 모든 경제원리를 실패한 사회주의 경제 체제로 만들어 전세계가 자본주의 나라경제로 진입하는데, 러시아, 중공, 북괴밖에 없는 사회주의로 진입시도",1,0,0,0.14,1,1
104,104,이인간도 똑같이  ㆍ민좃당 안찍는다ㆍ,2,0,0,42.23,2,2
105,105,벌써 이낙연을 대통령후보로  끼어 맞추는데 당내경선도  통과 못할걸   총선이든 대선이든 라도애들은 이해득실에 밝아서 자한당을 꺽으려면 라도 출신 후보로는 약하다는걸 알거고 결국은 다른 후보를 선택할수 밖에 없지    노무현  문재인 대통령이  좋은 예잖아,1,0,0,0.34,1,1
106,106,말하지않아도 품격이 넘쳐나고 덕이있으니 사람이 모여든다.. 이런분이 나라의 지도자상이다.,0,2,1,86.98,2,-2
107,107,대통령제 하에 허수아비 국무총리 누가 못하랴!국무총리때하고 총선땐 다를 것이다!이번 총선 곡소리 날것이다!경제 외교 국방 남남갈등 등등 제대로 한게 뭐있냐?,1,1,1,87.44,2,0
108,108,낙베새킈가 한일이 뭐있냐?ㅋㅋㅋ대통령눈치 보면서 조국 새킈 가짜 뉴스로 비호한거?ㅋㅋㅋ,2,0,0,16.78,2,2
109,109,"이낙연이 니네들 구세주냐? 존재감없는  당신들 때문이지. 우상호,이재정,박주민의원 등등 몇명 빼고 세비가 아깝다.",0,0,0,4.61,0,0
110,110,이사람 비리만만챦을것이다   발목잡히는건시간문제같은데......,1,2,1,87.43,3,-1
111,111,"와서 선대위 맡으라고? 전권을 주고, 비대위를 맡는게 아니고? 수도권 누구냐? 양심도 없는 것들이네. 단물만 빼먹고, 뒤치닥거리 떠넘기는 놈들이네.",0,0,0,1.46,0,0
112,112,이 인간이 뭐라고ㅋㅋㅋ,0,0,1,82.95,0,0
113,113,불능당에 무능인이 돌아오면 뭐가 나아질려나?,0,0,0,8.95,0,0
114,114,"매국신문에 광고하는 업체 ...안보고 안찍고 안사요1) 삼성전자 -김치냉장고,  에어드레서,  건조기,   ---모두 LG 꺼 사세요2) 롯데관광  -   하나투어로 하세요3) 삼성생명 - 보험 한화생명 으로 드세요~~불매 동참해 주세요   조선일보 없는 나라에 살고 싶다",1,1,0,5.46,2,0
115,115,50대비율봐 ㅋㅋㅋㅋㅋㅋ댓글거릅니다,1,2,1,69.9,3,-1
116,116,좌파넘버투,1,0,0,23.46,1,1
117,117,졸라민국 천지네...,0,0,0,7.19,0,0
118,118,나라 꼴을 보고도 그런 이야기가 나온다니 신기하네요! 무능이2,0,0,0,45.33,0,0
119,119,우리 낙베 일본 일왕한테 90도로 인사 잘박던데 ㅋㅋ일왕찡이 매우 흡족해했지 ㅋㅋㅋㅋ,1,1,0,42.63,2,0
120,120,이낙연이 잘해서 최장수 총리가되었는가. 문재인도 그렇고 이 인간도 그렇고 박근혜 덕을 보는 인간들이지. 조국사태때 조국 편들고 일 잘 하는 검찰을 적폐몰이하는 이낙연을 보고 역시 이 인간도 안되겠구나 싶더군.,2,0,1,99.86,2,2
121,121,여론조작은 기래당에서 하잔아. 친일 언론과 개검들과함께...,0,1,0,49.95,1,-1
122,122,이낙연이 그나물에 그밥이다..더불어민주당은 폭망할 것이다..그냥 탈출해라..,1,0,0,48.06,1,1
123,123,인물이 없다는얘기네    왜 유시민 김어준데려다가 해~,1,0,0,2.73,1,1
124,124,이낙연은 대선출마 못해...노무현계가 아니라 절대 안밀어줌.,0,0,0,13.84,0,0
125,125,더민주당 국개의원들 나라 꼬라지는 안중에도없고 자기 밥그릇 챙길려고 줄서기하니ㅠ,0,0,1,93.32,0,0
126,126,우리 가족은 나를 비롯해 검찰개혁 언론개혁 친일 퇴출하는당에 한표씩,1,0,1,92.83,1,1
127,127,"그 아저씨는 물론이고, 더불당의 패거리들은 늙으나 젊으나.... 얼굴이 매번 바뀌어도 바탕과 본질은 똑같습니다.   예전 비대위로 재미봤던 수법에 질려요.  또 어디서 듣보잡 인사들 잔뜩 끌어 모아 수북이 거느리고 다니며 개혁을 했네, 인재풀이네.... 국민들이 바보가 아닙니다.",1,2,0,0.3,3,-1
128,128,더불당에서 여론조작중... 구라미터 시켜서 이낙연이 다음 대통감이라고...ㅋㅋㅋ  이런 좌파세상은 두번다시 경험하고싶지 않다...,2,1,1,72.15,3,1
129,129,이해찬 사퇴하고 이재명 퇴출시켜. 일단 이거부터 하면 선거운동도 고민해볼께요. 그거 아님 절대 안받아들임. 내 한표는 주겠지만 주변 설득은 안해줄거야. 니들이 부울경에서 이런 적극적인 당원들 없이 선거운동 가능할거 같아? 김해영 너는 내가 낙선시킨다. 두고봐라.,1,0,0,9.06,1,1
130,130,빨리 불러내 이용하고 팽할려고 그러지? 안돼요 안돼. 우리 이낙연 총리님을 그리 싸게 이용하려 마세요.문씨 일파들아 너희들에게 안 속는다. 절대로.,0,0,0,3.92,0,0
131,131,겉과속이 다른 이중.  진짜싫다!  이런사람,1,0,0,18.04,1,1
132,132,돌아오면 뭐가 바뀔거 같지 염병하네 달라지는거 없어 왜냐고 다 똑같은 넘들이니까 ㅋㅋ,1,0,0,2.84,1,1
133,133,이낙연이 더불당 대통후보되면 좋겠다 PK 지역에서 몇퍼센트 지지율 얻을지 흥미진진하네ㅋㅋ,1,0,1,99.7,1,1
134,134,그냥 악수만하지 니도 모르게 고개가 숙여지디 일왕한테? 에라이,2,0,0,4.95,2,2
135,135,말만 지금 점잖게 한다고 국민들이 속냐? 똑같은 놈인데,3,0,0,11.42,3,3
136,136,새인꼬라지하고는 아베하고 같은혈육인줄알았네 더럽게 재수없게생겨쳐먹으신것같으니라고,0,0,0,4.09,0,0
137,137,오우~~~ 낙베아재 인기 좋은가보네!!,0,0,1,99.85,0,0
138,138,돌아오면? 달라지는게 있을까봐?,0,0,1,72.57,0,0
139,139,패잔병 무리에 누가 들어가고 싶어 하겠누 ㅋㅋㅋ,0,0,0,10.0,0,0
140,140,민주당의 유일한 희망이지...,0,2,1,84.82,2,-2
141,141,지금 장점 의 광주 연관 민주당이  모이기 요청하네,0,0,0,2.13,0,0
142,142,조국딸과 저 인간 아들의 진학 테크트리가 의아스럽게도 거의 같음.....외고. 이공계대. 부산의전원.....반드시 철저한 수사해야함.,0,0,1,97.92,0,0
143,143,도대체 이새끼가 뭘했다고 대선주자1위임? 문재앙은 시체라도 잘 팔아쳐먹었지 이새끼는 정치적 업적이 뭐가 있음?,0,0,0,3.59,0,0
144,144,"이시대   이런   인품과  세계관  ,  경제관 리드십  , 국제관  두루  갖춘 보기드문 인물  이지   현재도  잘하고 미래도 잘할것이고ᆢ그래서  나라의  미래가  있어",0,3,1,99.98,3,-3
145,145,이낙연 총리님을 문씨 일파가 이용만 하고 팽할려고 하니 이용 당하면 안됀다.절대적으로 이낙연 총리님을 지켜야하는 사명을 전라인들은 알고 두눈 부릅뜨고 문씨 일파의 행동을 감시해야한다.,0,0,0,12.06,0,0
146,146,그러는 자유당엔 인물 있냐?? ㅎㅎㅎ,0,0,1,78.38,0,0
147,147,댓글 더러워.... 중앙일보에 어울리는 댓글들이네,0,0,0,16.5,0,0
148,148,ㄴㆍ스,0,0,1,84.98,0,0
149,149,나라 엉망진창의 책임있는 나팔수 총리를 이리도 띠우는 이유가 뭐지??  난 이해가 안간다,1,0,0,0.04,1,1
150,150,인물이 그리도 없나? 새벽인력시장만도 못한 한심한 인력풀.,2,0,0,0.17,2,2
151,151,이낙연에 속지마세요.음흉한 전라도인에 불과함.,2,0,0,3.47,2,2
152,152,차기 대통령으로써 빚나는 행보. 지지합니다.,0,2,0,33.43,2,-2
153,153,일본과 악수  신청하고  분이 민주당으로 가는구나 글세 그동안 여러 조국 선택 처음 문 에  여러 내용을 하지 않았나,0,0,1,99.27,0,0
154,154,조국 집을 압수수색할때 여자둘만 있는집에 들어가서 어쨋니 저쨋니~~ 안쪽팔리냐 이낙연??,0,0,0,49.53,0,0
155,155,친일 낙베는 정권 바꾸면 일본으로 망명해야할 처지인데,0,1,0,31.29,1,-1
156,156,근데 아드님도 조민하고 같은 시기에 부산 의전원 들어간게 사실인가요?,1,0,1,54.14,1,1
157,157,이낙베가 한게 뭐 있다고   언론이 띄우기에 열을 올릴까?,1,0,0,25.81,1,1
158,158,그나물에 그밥,0,0,0,23.86,0,0
159,159,조국 띄우기 실패하니 이제 무능한 이낙연 띄우려고?!ㅋㅋ,0,0,0,2.97,0,0
160,160,음....이 분도 국회에서 조국 감쌀 때 이미 민낯 다 드러남..ㅎ,2,0,1,65.32,2,2
161,161,1년 안에 탄핵되고 대통령 선거 다시 하고 박근혜 대통령 복귀하시고 다시 나라가 정상으로 돌아올텐데 이낙연 따위를 신경쓸게 뭐가 있나 싶다.,1,2,0,0.68,3,-1
162,162,한심하다..,0,0,0,3.8,0,0
163,163,역시 이낙연 총리...차기 대통령 되십시요~~,4,7,1,73.21,11,-3
164,164,"나도 공감이다. 제발 꼴통,,, 삼국시대부터 우리나라 가르는 편가르기 뒤통수 전문 신라국!!! 경상도는 미국처럼 팬스를 치든지해서 지들끼리 자유대한민국인지 먼지 만들어서 살아가길 바란다. ㅎㅎㅎ",1,2,1,98.32,3,-1
165,165,이낙연총리 좆국 똥구멍 닦아준다고 욕봤다. 이제 니도 집에가서 발닦고 뒤집자라. 영원히 자라,4,0,0,1.96,4,4
166,166,"이낙연 이분은 낙선하면 되겠네 이름 그대로, 핵대중 감성팔이 하고 문죄앙 꼬봉하고, 그 다음에는 광주가서 먹고 놀면되겠네, 너는 호남사람이라 안된다 절대, 핵대중이 북한에 퍼준 돈때문에 핵개발하고 위협하는데, 너도 북한에 퍼주는거 무지무지 좋아할 것인데 누가 너지지하냐, 호남과 좌파빼고는,",1,0,0,0.14,1,1
167,167,지난 촛불믿고 정당한 판단을 해야지문제많은 조국밀다 국민의 조롱하고 무시한총리아닌가?,3,0,0,25.69,3,3
168,168,민주당 OUT,1,0,0,2.9,1,1
169,169,장기집권 위해 이낙연 이미지 정치 들어가는구나. 개돼지들 또 선동당해 민주당 뽑겠지. 경제는 그리스 베네수엘라로...멍청한 인간들아 평생 그렇게 살아라,5,0,0,0.55,5,5
170,170,이제는 진지하게 전라도의 강제 독립을 고려해볼때라고본다.,3,1,0,10.63,4,2
171,171,우리나가 투표 개표기 못믿겠다 이라크에서 개표기조작에 이용되어서 불법의 온상이됨 ㅋㅋㅋㅋ,0,0,0,2.5,0,0
172,172,무슨 걱정이야.. 사기군 김어준 친구의 조작미터는 민주당의 지지율이 압도적 이라며,3,0,0,15.63,3,3
173,173,총선되니 줄서기 하는군 ㅉㅉ 문주당 뜨레귀들 ㅉㅉ,0,0,0,5.16,0,0
174,174,똑같은 좌빨 조국수호자 가면뭐달라져?폭망정권 총리가바짜지,0,0,0,0.64,0,0
175,175,이낙연 할아버지가와도 민주당 정의당은 절대 안찍어  대한민국을 이지경으로만들어놓고 표를달라고 웃기는소리하지마,2,0,0,7.26,2,2
176,176,"민주당이 아무리 못해도 역적 자한당을 찍는 일은 없을것이다. 국민들이 바보는 아니다. 경상도 빼고, 아 경상도는 왜국이지 한국이 아니지",0,4,0,4.48,4,-4
177,177,"이번정권 들어서 느낀건데 좌파들은 참 거짓선동이랑, 시위하는거 빼고는 아무 능력도 없고, 양심도 없고 염치도 없고, 노답그자체임. 원래 그런 사람들인데, 대통령은 역대급으로 멍청하고 무능한자를 뽑아서 좌파의 궤멸을 스스로 자초했지. 자업자득이다. 지역표 먹겠다고 이놈 저놈 줄서기 그만하고 , 그냥 숙명으로 받아들이고, 전라도로 소멸해라. 너희는 암덩어리야.",0,0,0,0.0,0,0
178,178,그변기통에 그 똥!!,1,0,0,1.42,1,1
179,179,누가 찾았지?,0,0,0,15.69,0,0
180,180,무능의 극치,0,0,0,16.15,0,0
181,181,조국낙마했으니 이제 줄서야지 ㅋㅋㅋㅋ,1,0,1,94.64,1,1
182,182,지들끼리 쌩쇼하고있네 ㅋ,0,0,0,23.84,0,0
183,183,민주당은 다시는 안뽑는다,5,0,0,23.01,5,5
184,184,자한당이 일본과 친하면 토착왜구.. 지들이 친하면 지한파? ㅋㅋㅋㅋㅋㅋㅋㅋㅋㅋㅋㅋㅋㅋㅋㅋㅋㅋㅋ 이낙연이 토착 왜구 같다 ㅉㅉ,1,0,0,8.95,1,1
185,185,"선대위? 비대위가 아니고?이해찬이 공천권은 개판으로 휘두르고, 그 뒤치닥거리는 하기 싫다는 의미네.알맹이만 쏙 빼먹고 도망간다? 공천권까지 넘기면 모를까, 아니면, 당에 복귀할 일 없지.",0,0,0,0.08,0,0
186,186,더부러시케당 국개들이 똥줄 탔구마,0,0,0,14.54,0,0
187,187,결국 문통대신 머리쪼아리고 와봐도  득될건없어요  낙동강  오리알,0,0,0,48.69,0,0
188,188,"전라도가 시키는대로만하는 바지사장이니까 쫄딱망했으니 전라도에 아양떠는거지. 그리고 수도권 여당의원들 고향봐, 죄다 전라도임. 전라도가 전라도 찾는게 이상해?",0,4,0,0.62,4,-4
189,189,지역갈등 조장하는 데 일등 공신이 되실 분,1,0,0,1.57,1,1
190,190,토 착 왜 구 낙 베,1,0,1,55.78,1,1
191,191,ㅎㅎㅎ 역시 절라도밖에 없다는거군 이넘의 문재앙정권은 부산넘인데 어찌 죄다 절라도얘들만 쓰냐... 결국 문재앙은 허수아비 핫바지 사장이라는게 맞는 얘기네...,3,1,0,0.0,4,2
192,192,이낙연 총리한테 매달릴게 아니라 있으나 마나 무능한 이해찬이를 쫒아내라.,2,0,0,13.99,2,2
193,193,좌좀들 논리 낙베.. 이상,2,0,0,12.56,2,2
194,194,휴..그나아 여당에선 젤 점잔하 보였는데 제비옷 입고 인본간거랑 동생땜에글렀네,1,0,0,34.94,1,1
195,195,"문재앙 정권은 참 신기하다. 아무도 뭐라하지 않았는데 순수하게 자신들의 괴상한 정책으로 폭싹 망해버렸다. 뇌 달린 사람중에 문재앙정권에 표주고 지지할 사람은 없다고 본다. 이분들은 입으로만 정치를 하고 실적은 아무것도 없고 오로지 국가에 해악만 끼쳤으며, 반일 선동은 지들이 해놓고는 경제 말아먹으니까 일본에 달려가서 대화좀 하잖다. 정말 어이가 없어 웃음이 나온다. 좌파가 망하면 전라도가서 표달라고 징징대지. ㅋㅋ 항상 그래왔다. 수도권에서 전멸예상한다.",3,0,0,0.0,3,3
196,196,호남표가 그리 필요한 시기로군요  선거때 호남  헉  호남을 호구로 보는군요,3,0,0,2.86,3,3
197,197,이낙연 최악의 어용총리. 최장수? 역으로 그만큼 인물이 없다는거지.   저런사람을 대권후보라고 언론들 밀어주는데진짜 바보로 아나. 문재앙학습 덜 된건가,4,0,0,0.17,4,4
198,198,"지난 청문회때 이나라건국을 물어보니 그쉬운대답한번 안하고 뚱딴지같이 임시정부만 들먹이고..   자신이 운영주체에 있는나라 건국일을대답않는총리,  국민들 할말을 잃게하는 이정부..그런총리 기다린다는더블당,  모두동색임을 증명.",4,1,1,99.98,5,3
199,199,"돌아가도 답없다,,,돌아간다 해도,,정책이,사람이,법치가 회복되는것도 아니고,,그 중심에 있던 분이라,,해결사 노릇을 할수가 없다",3,0,0,0.64,3,3
200,200,대안이 없는 좌파놈들 저 능구렁이 띄우려 갖은 노력하네!  애쓴다!!!   절대 더불어공산당 찍어주나 봐라!!!  내 생애에 니놈들 찍어줄 일없다!!!,3,2,0,0.05,5,1
201,201,이제 안속아 누굴 바보로 알아,2,0,0,16.32,2,2
202,202,귀국하고보니 이낙연 토착왜구 어리둥절잼ㅋㅋㅋㅋㅋㅋㅋㅋㅋㅋㅋㅋㅋㅋㅋㅋㅋㅋㅋㅋㅋㅋㅋㅋㅋㅋ,0,0,1,53.38,0,0
203,203,"이낙연총리 신나셨네, 축하해요! 인기도 좋은 데 아에 이번 기회에 문재인이를 밀어내고 그 자리에 앉으시라. 이 총리가 속을 알수없는 문재인이 보다 믿을 수 있을 것같다.",0,1,1,89.41,1,-1
204,204,"이낙연도 지난 2년간 경제개망 방관하며, 화폐 돈 찍어 이름도 거룩한 확장경제 빚쟁이 나라 만들고 미래세대 에게 짐을 떠 맡긴 경제개망 시킨 공범자다. 이미, 이낙연도 국민에게 거짓뉴수 제조기로 찍혔다. ""조국은 죄가 없는데 검찰이 과잉수사한다""고, 조국자신과 문재인.이인영.이해찬 민주당과 주사파 언론기자와 PD,사장 들과 합세 언론플레이 거짓뉴스로 가족떼범죄의 중심축 죄인을 비호했다. 말따로 행동따로, 조국과 이낙연은 똑같은 ""겉 다르고 속 다른 이미지관리형"" 주사파 DNA를 갖고 있슴을 국민은 확인했다. 이낙연도 OUT 이다.",3,0,0,0.0,3,3
205,205,무능의 극치 세금충들,1,0,0,11.99,1,1
206,206,이낙연 총리님.차기  대한민국 부탁드립니다 ..,0,11,1,80.83,11,-11
207,207,비대위  맡아야지,0,0,0,12.46,0,0
208,208,이낙연도 공산주의자에 동조하는 집합군의 1인일뿐입니다. 주사파정꿘이 장기집권용 도구로 조작해낸 이총리... 그는 필요에 의해 소모품으로 이용당한후 북괴공산당들의 과거를 볼때 이용가치 사라지면 김정남처럼 노무현이나 노회찬식 살인멸구대상으로 전락될 뿐인데.. 한편.. 저들이 불쌍할뿐이다. 이나라가 어떤 나라인가?! 수백만 자유투사의 피로 지금에 이른 나라 아닌가? 그렇다고 볼때 결코 .... 아무리 좌익들이 친일을 빙자 애국우파를 몰아쳐도 현명한 국민들은 이나라가 공산화 되는것을 받아들이지 않을것이다. 좌파들 갈곳은 구금뿐임을 명심하라,3,0,0,0.0,3,3
209,209,황교안보고 박근혜부역자라고 지껄이는새끼들이 문재인이 실시간으로 나라 개판치는데 밑에서 총리질하는 이낙연은 분리해서 생각함 OOO들ㅋㅋ 선택적 반일 왜치는새끼들이 지지하는거 뻔히보이는데 ㅋㅋ,3,0,0,10.46,3,3
210,210,민주당 너희는  끝났다.,3,1,0,48.49,4,2
211,211,"이분 한게 뭐죠? 전라도 사람들한테 물어봤더니, 대답을 못하던데",1,0,0,27.01,1,1
212,212,이낙지가 민노총 전교조와 맞설수 있을것 같으냐?   전교조.좌파 대가리들도 자기 자식은 죄다 특목고.외고.해외유학 보내다..애를 보낼수 있는 학교를 만들려면 젖교조 부터 척살해야 하는데..ㅋ 보수.진보 용어 놀이나 하고 있으니...,2,0,0,0.37,2,2
213,213,이낙연을 욕할 수 있는가?! 솔직히 난 의문을 가진다 내가 사랑하는 나라가 더불당이든 자한당이든 일당 독재 체제를 가지길 원하진 않는다 물론 독재를 해서 부국강병을 이룬다면 더할나위 없겠지만 그건 힘들거 같고 그럼 차후에 여야 남는 인원들로 국가가 돌아가면 되는거 아닌가? 꼭 필요한 인재들은 있고 현정권이 바뀔 총선에서는 그 필요한 정치인들은 남겨야 한다고 본다 본인은 홍준표 의원님의 승리를 굳게 다짐하며 이낙연 총리에게도 행운이 깃들길 바란다,1,1,1,99.99,2,0
214,214,병**신들  그것도 줄이라고 잡아보려고...하여튼  국개의원이란것들은  인간축에도 못끼워줘.....문제는  저런 잡것들이  국민이낸 세금 파처먹는  버**러지  러는것이 문제임.,0,0,0,1.75,0,0
215,215,글쎄 구로관악 금천 안산 이런 전라도 사람 많이 사는데 외에 여당 의원들이 당선될곳이 있을까? 민심이 험악하다.,0,0,0,28.9,0,0
216,216,재앙 지지=김정은 지지=공산주의 지지 인듯하다,1,0,0,11.04,1,1
217,217,국민을 대신해 대통령에게 바른말 한마디 못하는 사람이 차기 대권주자?,1,0,1,51.22,1,1
218,218,이낙연  다음 통수권자가 민주당 등 여권은  챙겨 줘야지 아무렴 기둘려,0,1,1,73.92,1,-1
219,219,경제도 엉망이고  국민들의 불만도 많은데 이제는국무총리 경질해야 하는거 아닙니까,2,1,0,5.83,3,1
220,220,뭐여ᆢᆢ민주당  이낙원 옆으로 해처모여냐??느그들 배는 지금 난파중이다,0,1,0,49.85,1,-1
221,221,주둥이닫고 입바른소리 한번 안하고 충성스러우니 안짤리고 장수하는거지요!,2,4,1,74.25,6,-2
222,222,왜요ㅋㅋㅋㅋㅋ대통령이랑 당 지지율 잘나온다면서요ㅋㅋㅋ근데 왜 쫄리세요ㅋㅋㅋㅋ,0,0,0,48.68,0,0
223,223,국회답변만~~~잘했다.  정부는 전체적으로 낙제고,1,0,1,93.41,1,1
224,224,왜? 지지율 올랐다며? 똥줄 오지게 타나벼ㅋㅋㅋㅋㅋㅋㅋㅋㅋㅋㅋㅋㅋ,2,0,0,3.07,2,2
225,225,이낙연...이 사람이 총리인 지금...나라 폭망하고 있는데...무슨 소리...책임을 물어야...,0,0,0,4.29,0,0
226,226,이낙연너보면재수없다제발이나라가아닌다른나라에살어북을ᆢ가?저중학생이예요,1,0,0,0.33,1,1
227,227,몸값 더 키우면서 장외에서 좀 기다리다가 대선때 나올 듯,0,0,0,30.34,0,0
228,228,이나견이가 차기대권후보래 ㅋㅋㅋㅋ 갈때까지 갔구나~ 인재도 없고 ㅋㅋ 낙짜가 떨어질락인건 알고 있지?,1,2,0,2.89,3,-1
229,229,해찬이 보다야 득이 되겠지.,1,0,1,58.99,1,1
230,230,낙베는 지금 총리지만...민주당원처럼 행동하는 중이지???ㅋㅋㅋㅋㅋㅋㅋㅋㅋㅋㅋㅋㅋㅋㅋㅋㅋㅋㅋㅋㅋㅋㅋㅋㅋㅋㅋㅋㅋㅋㅋ,0,0,1,68.77,0,0
231,231,이번정권 들어 한가지만은 분명히 알게 되었다..누굴 뽑아야 할지는 몰라도..최소한 누굴 뽑지 말아야 할지는..,2,0,0,9.52,2,2
232,232,요즘 민주당이나 정부내에서 가장 합리적인 분이라고 생각합니다. 정권이 잘 마무리 되도록 남아 계심이 국민들에게 좋을 것 같은데 더 큰일은 위해서는 이제는 당의 리더로서 가심이 좋을거고 총선을 이끄시는데 최적이라 생각됩니다~~,2,3,1,99.99,5,-1
233,233,이미 판뒤집혔는데 쓰레기 하나 온다고 뭐가 바뀔까?,1,1,0,5.17,2,0
234,234,낚시질이나하세요 들어가자마자 지지율뚝뚝떨어 질테니봐라,1,0,0,1.1,1,1
235,235,"솔직히 이낙연 이미지는 겉으로는 점잖은 척 하는데, 그 속을 전혀 알 수 없는 인물의 전형적인 모습이다. 오래된 생각이다.",2,0,0,11.5,2,2
236,236,참 인물 드럽게 없네,2,0,0,1.96,2,2
237,237,아베보다 더 방긋 쳐 웃고 계시네 토착왜구 이낙베 아웃!!! 이 시국에 쪽바리 대장 만나서 뭐가 좋다고 저렇게 쳐웃어??,1,2,0,2.26,3,-1
238,238,이낙연은 대통령생각 없어보임 오히려 유시민 조국이 대권 갈거같은느김,0,0,1,55.44,0,0
239,239,언론인 출신이라고 언론이나서네 ㅎ,0,0,1,79.52,0,0
240,240,토착 왜구 왜 찾으시나 헐 잘 보여 공천받을려구 아양 떨어보겠다고 전부 전라도 공천 해달라구 하겠지 다른곳은 물 건너 갔고,0,0,0,11.7,0,0
241,241,담대선 100%네ㅋㅋ 출마해주세요,0,0,1,93.6,0,0
242,242,나라가 개판꼴인데 이낙연은 총리로써  책임안지냐?,1,0,0,1.09,1,1
243,243,"기자들은 워딩을 좀 정확하게 할 필요가 있지 않나? 이낙연 총리님을 계속 찾고 계신건 여당 의원님들이 아니라 남측의 국민들이다. 솔직히 야당들이 국정 발목만 잡으려고 아무것도 못하게 방해만 하고 있는데 이낙연 총리님께서는 이런거 여태까지 놀라울 정도로 잘 중재해오셨고, 보수도 진보도 모두 이낙연 총리님의 의견은 정말 경청하면서 많이 따르더라. 나도 수구꼴통 소리 듣는 강성우파지만 이낙연 총리님 인정하지 않을 수가 없다. 게같은 친일부역 보수종자들조차 이낙연 총리님이라면 꺼뻑 죽더라. 진짜 하늘이 낸 분이라는 생각이 든다",1,3,0,18.27,4,-2
244,244,꼴똥수구통?,0,0,0,34.51,0,0
245,245,이낙연도 조국 옹호하던 더러운 놈이라는 것을 잊지 않아야 할 것,1,0,1,93.27,1,1
246,246,이것이좌파들조폭이여?이낙연조심해라난다안다관상보면저눈속에어마한수구통이들어있다.,0,0,0,46.4,0,0
247,247,그냥 러닝메이트처럼 5년 총리해주세요... 그나마 안정적으로 이끄는 지도자가 총리님밖에 안계시니...,0,1,0,13.51,1,-1
248,248,제발좀 총선나오세요,0,1,0,13.01,1,-1
249,249,역대 최장수 총리이면서 역대 최악의 무능 대통령 떨거지 역대 최악의 무능한 총리 이낙연이다,0,3,0,0.01,3,-3
250,250,빨아주는게 고작 최장수ㅋ,1,0,0,5.61,1,1
251,251,최장수고 지룰이고 라도들은  패스다,2,0,0,35.39,2,2
252,252,총선 간판으로 잘되면 좋고 아니면 책임 씌우려는 것 같다. 대권 주자로 키울 가능성은 제로라고 본다.,0,0,0,1.69,0,0
253,253,낙베는 토착왜구였자나 문개앙의 지령받은 내로남불당의그나저나 얼굴은 호남형에 자고일어난 소대가리같은건 느낌같은 느낌뿐인건 왜인ㄱ...그 상왕은 삶은 소대갈빡,0,0,0,2.21,0,0
254,254,국의원되고시픈거지 국민생각누가 하나,0,0,1,71.18,0,0
255,255,낙베는 이번에도 아베랑 술 처마셨냐?  토착왜구 새끼,0,1,0,47.13,1,-1
256,256,인상은 좋은데.....좌파만 아니면 참 좋은데.....,0,1,0,4.87,1,-1
257,257,친일 토착 이낙배.,1,0,0,13.15,1,1
258,258,ㅎㅎㅎ 그냥 그 쪽에 인물이 없어 그냥 두다보니 최장 총리가 된거지. 뭘 잘해서가 아님. 오히려 아들 부대 의전원 등도 말 많음. 인될듯,1,1,0,35.95,2,0
259,259,여야를 떠나서  최장수 총리하는건 정말 대단한일이다  더군다나 이딴 거지같은 나라에서는 더욱더 돋보임,0,2,0,2.35,2,-2
260,260,토착왜구 나베 힘이라도 빌리고 싶은거냐? 선거지면 어차피 친문도 아니니 덤챙이 씌울라고?  아무튼 저 쓰레기 친문들..,0,0,0,0.31,0,0
261,261,이낙연 띄우기 군불지피기 요즘 모락모락 하고있죠. 하나 전라도 출신 후보는 보수분열안되면 절대 대통 못합니다. 보수 분열만 안되게 대선 프레임따기에 올인하세요,2,0,0,37.14,2,2
262,262,경제 안보 개혁망친 일당들..,0,0,0,16.5,0,0
263,263,수도권은 걱정마라. 왜구당이 수도권에서 당선될일은 드물다.농촌지역이나 위험하지 도시지역은 왜구당 몽니짓을 용서하지 않을것이다.,0,1,0,7.39,1,-1
264,264,품위와 참좋은 인성이 느껴지는 분입니다.늘 지지합니다,0,1,1,99.09,1,-1
265,265,바램이나 소설말고  기사좀 써보자,0,0,1,83.68,0,0
266,266,토착왜구 나베가 대선 주자야?,0,1,0,30.22,1,-1
267,267,하다하다 안될것 같으니 이낙연이를 찾는다니 ?  이낙연총리가 한일 이 무엇인가? 국회에서 조국이 압수수색 당시 팩트도 모르고 검찰을 겁박하는 말로 .. 민주당이 아직도 지지율이 높게 ? 나온다니 누구말대로 삶은 소 대가리가 앙천대소 할 일 이네.. 공수처법 억지로 통과시켜 문재인 친위 사찰기관을 두려는 꼼수인지도 모르고 거기에 부히뇌동하는 국민들이여 제발 정신 차리세요 ..,4,0,0,6.04,4,4
268,268,"그나마 이낙연이는 괜챃은 것 같제  ,,, 그 구조를 보면 ... 요번 선거에서 민주당 폭망하면 바로 배반 때린 넘들이여 ... 그를 찾는 넘들도 다 같은 넘들이고",0,0,0,1.8,0,0
269,269,착각도 자유다,0,0,0,30.28,0,0
270,270,토착왜구는 나베인데 저분은 화해하런간거지,0,4,1,79.92,4,-4
271,271,문재앙이나 나견이나 같은 재앙이지,1,1,0,5.42,2,0
272,272,A4 종잇장 셔틀러 나겨니가 갑자기 더부러 만졌는디 구세주가 되었네?셔틀러 직업이 그렇게 좋은겨?,0,0,0,2.3,0,0
273,273,후안무치한 인간들...나라꼴을 엉망으로 만들고  목구멍으로 밥은 넘어가냐...,2,0,0,2.15,2,2
274,274,이낙베가 7시 지역 벗어나면 무슨 힘을 쓴다고 ㅋㅋ,2,1,0,26.84,3,1
275,275,이낙연 문재인  다 똑같은 사랑,4,0,1,71.62,4,4
276,276,큰사고 안내고 조용히 일처리 잘하는총리로 1등 !!  허세 허풍 생색 꾁꾁거리는 국개들과 비교된다.,0,0,0,12.56,0,0
277,277,개 돼지 국민이 아니라면  이 무능한  인간들이 한꺼번에 사라지길 바란다...,0,0,1,78.45,0,0
278,278,나라를 개판으로 만드는데 일조한 딸랑이들로 채운다고 내년에 성공할까? 쯔쯔쯔 쓰잘데기 없는데 신경쓰지말고 개돼지들 경제와 민생에 올인하시오...에휴! 나라꼬라지하고는...,1,0,0,44.48,1,1
279,279,지역구 의원들은 연고가 있고 민심을 들으니 똥줄타는 거지... 지들도 알꺼야 아마 리얼미터 이런애들이 하는 여론 조사 다~ 구라라는거...ㅋㅋㅋ,2,1,0,14.74,3,1
280,280,무능한 정부의 장이.... 기냥 사퇴해라...,0,0,0,6.57,0,0
281,281,까고있네. 무능한 세꿔~~,0,0,0,21.88,0,0
282,282,자유비리당과 그 따까리들은 즈그들이 토착왜구면서 어데다가 프레임을 넘기려고 하노 ㅋ  일본에는 공과 사를 구분해서 깍듯이 예의차리신거지 이 1차원적인 새 킈들아 ㅋㅋㅋ 너희처럼 빡돈다고 표정 개썩어서 틱틱거리고 티 내는게 아마추어고 포커페이스 해야 진정한 어른 이라고 하는거다 이 모자란 새킈들아 ㅋㅋㅋ,0,1,1,89.93,1,-1
283,283,니들이 토착왜구 리낙베상 아무리 찾아봐야 당에 복귀 안시킨다 재앙이 일당은 친문 대선주자 아니면 안되기 때문에 지금 고민중임 ㅋㅋㅋㅋㅋㅋㅋ,0,0,1,86.1,0,0
284,284,정의 공정없는 감성팔이 더불어 국회의원들 문통에게는 찍소리 못하겠고 총리 소매라도 붙잡고싶나,1,0,0,2.19,1,1
285,285,이낙연이 아니라 이낙연할배가 와도 너그는 끝났어.......,1,0,0,44.8,1,1
286,286,우선 당대표 돼지열병지사 먼저 내쫒고 얘기하자,0,0,0,33.83,0,0
287,287,더불어공산당 끝났어 이낙연 너도,5,1,0,21.15,6,4
288,288,정신 못 차리고 있네. 이낙연 온다고 조국 사태에 염증을 느낀 국민들이 어서 옵쇼할까? 이낙연이 금태섭처럼 소신 발언했다면 모를까 정권의 거수기 노릇을 했으므로 아니올시다다.,2,1,1,93.99,3,1
289,289,더불당 에는 해골박  대표님이  잘 하고 있는데ᆢ 왜들 그렇시는지ᆢᆢ절라도 가  지역구 이신  더불당 분들 은  전혀  걱정 할 필요 없고  ᆢ대구 ᆢ겡북 ᆢ부산ᆢ울산ᆢ 갱남ᆢ이런곳 에선 더불당 전멸ᆢ  갱기도 ᆢ서울에서  20 %  정도 당선 될까ᆢ 강원도 충남ᆢ충북ᆢ 에선  10  % 정도 당선 될것이고ᆢ 그래서   대한민국  전체로 하면 더불당 하고  더불당 2중대 인 정의당 은  내년 잘 해야 30%  당선 될것ᆢ  한 마디로  조국  사태 로서 좌파 는  이제    끝장 났습니다ᆢ,3,1,1,99.99,4,2
290,290,우리 설라디언들은 오로지 그짝잉께....조국 정경심을 박해받는 민주투사로 아는 우리들잉께 잘 될거여!!! 함 뭉치장께!!!,0,0,0,12.11,0,0
291,291,조국때문에 이낙연 낙베됨...    유니클로 사면  토착왜구   일본제품 사면  토착왜구 로 몰면서   .....  정작 조국은  제트스트림써도  안말안해..   당대표는 샤케먹어도 안말안해....    유니클로나. 일본제품 사는사람이 토착왜구면일본왕한테 숙이는 사람은  무슨왜구임??  고위왜구인가?,1,0,1,88.95,1,1
292,292,문재앙 하도 정떨어지니 이름만 바꿔서 신차 효과 노리려는 거 같은데 여태껏 문재앙이 하는 일에 이낙연이 반대하는 일은 하나도 없었다. 그냥 쟤도 문재앙 시즌 2야.,5,3,0,0.03,8,2
293,293,중앙일보,0,0,1,62.02,0,0
294,294,전향한 낙베!!!낙베다!! 반일운동은 국민의 몫!!! 친일은 낙베와 문베의 몫,2,1,0,5.28,3,1
295,295,뭐 괜찮다고 민주당이 생각하면 그대로 가시면 될듯 하네요.,1,0,1,86.3,1,1
296,296,민주당 저 샛기들 총리님 지들 유리한데로 써먹고 버릴게 뻔함. 민주당 역사 이래 배신과 내부총질은 그들 DNA에 심어진거다. 요즘 쇼찬이가 공천권 휘두르며 당 썪어가는데 일조를 하고 있지! 국민들아! 절대 검찰 출신 뽑지 마시라! 그 새끼들은 모든게 구라임. 글고 내부총질 전문 의원들은 두번다시 표 주지 마시길! 총리님! 그냥 총리로 남으시고 다음 대권 준비하세요. 지금의 민주당 국개들 다 썪었어요! 절대 넘어가지 마세요!,0,1,1,95.46,1,-1
297,297,이낙연 총리도  잘 하고 계십니다  응원합니다   이분은  흔들리지않는  뿌리 깊은 나무!,1,3,1,99.43,4,-2
298,298,전라도 빨갱이가 와 봤자지 ㅋㅋㅋㅋ,0,1,0,3.99,1,-1
299,299,경제로는 안되니 지역감정으로 표를 얻을라고 용을 쓰는구마잉,0,1,0,15.18,1,-1
300,300,망해가는덴 백약이무효지!!!,0,0,0,17.05,0,0
301,301,민주당여러분 김어준이 친구가 운영하는 여론조사 업체 리얼미터 신뢰 안하시는 건가요?? 40 이잖아 너네~~그럼 불안할필요없잖아 ㅋㅋㅋ압승할꺼같은데? 유시민이 주말되면 더높게나오기때매평일낮에만하는거라던데?,3,0,0,0.9,3,3
302,302,친문은 이낙연 지지하지,0,0,1,63.77,0,0
303,303,이씨가 3년동안   한게 뭐가 있지  조용히 사시요 나라 어지럽 히지말고,0,0,0,1.39,0,0
304,304,이낙베....ㅋㅋㅋ,0,0,0,34.6,0,0
305,305,.,0,0,0,48.84,0,0
306,306,정중사양! 민주당!,1,1,1,61.6,2,0
307,307,민주당 참 인물없다,1,1,0,13.01,2,0
308,308,문재인이 민주당의원들한테 팽당하고있네...조금있으면 민주당에서 탈당하라 할것이다...,1,1,0,37.03,2,0
309,309,이낙연도 토착왜구네 ㅠㅠㅠ 죽창들고 싸우자할땐 언제고 ㅠㅠㅠ 꼬랑지 내리고 무릅꿇고 빌고 왔나??,2,0,1,99.28,2,2
310,310,조국을 통해  좌빨의 민낮을 봤다  문죄인 정권의 좌빨은 그놈이  그놈이다는거다,2,0,1,93.64,2,2
311,311,"책임지는 총리, 대통령에게 노라고 할 수 있는 총리.그런데 총리는 없고 장관도 없었다.온통 청와대가 대한민국 정치의 전부였다. 장관은 있으나마나이고 청와대 친인척 관리자는 임명조차 되지 않고있다.",4,0,1,59.17,4,4
312,312,한 일이 뭐여? 일본 가서도 팽당하고. 지일파라며? 왜구파인 듯,3,1,0,5.27,4,2
313,313,목소리 깔고 굽신 거리는 재주 빼고~ 달창 인민들 위해 뭘 하셨죠? ㅋㅋㅋ전라도라는 지역색 빼고~ 뭔 정치적 입지?전 이분 진짜 사기꾼같은 느낌!!! 오리지날 전라인 같음!!!,3,0,0,0.12,3,3
314,314,이낙연 나오면 대통령 그냥 당선이지 품위와 인격이 대통령감이지,1,2,0,9.45,3,-1
315,315,선대위? 비대위겠지. 이낙연 비대위원장 주도로 공천위를 구성해야 한다.,0,0,0,8.96,0,0
316,316,조국 임명 잘못하는 바람에 정치도 개판되고 국민들도 둘로 쪼개져 고통의 나락으로 떨어져 나라꼴이 말이 이니구나 독재의 결과가 이렇게 참담 할 수가 있는가 책임질 사람은 허구한날 남 탓이나 하고 있으니 아무리 이낙연을 앉혀놔봐야 제대로 되겠는가 참모들 말을 안듣는지 당의 말을 안듣는지국민들 말을 안듣는지 못 듣는지 자기가 하고싶은대로하니 나라가 개인것인가,2,0,0,0.04,2,2
317,317,"그래도**잔당<자유망국,이석기>당보다야낫지~`국회에서빈둥거리면서도세비외정당보조금꿀걱~~국민들위다면서길거리에서위선이나떠는당보다민주당이더낫다!***당과***인간들은일본회의검은두목아베나라로추방합시다!강력히국민의힘으로~~!검찰은잔당들눈치만보고있으니,국민들이직접추방합시다!",0,0,1,98.82,0,0
318,318,전라도 사람에겐 먹히겠지,0,0,0,17.69,0,0
319,319,이낙연 총리가 뭐 했는지  아시는분  답변해  주세요내년 총선  다붉은당 어떤 넘이  맡든  박살내  버린다지금 각 시도에는 총선용  선심 퍼주기  시작했다  국가  경제  개판인데  북한부터  여기저기  퍼주다  폭망하면  누가 책임질건다  내년  총선  집권당이  승리하면  폭망은  더  빨리  다가올것이다  중도  보수를 지지해서  경제만큼은  살려야  한다,1,0,0,0.34,1,1
320,320,아무리 그래봐야 수도권은 경상도 골수빼곤 자한당은 안찍어  걱정마,0,3,0,6.59,3,-3
321,321,민주당 아웃~,1,0,0,6.36,1,1
322,322,"이낙연 총리가 바보가 아니라면 선대위를 맡겠어? 현대통령 경향을 보면 조금이라도 자신의 생각에서 삐딱선 타면 단번에 잘라버리는걸 통계청장만 봐도 알았을거고, 총리로 오래 살아 남았다는건 알아서 기고 견뎌서 여기까지 왔다는 것인데. 필패가 눈에 보이는 판에 괜히 총대 매다가 책임지고 모든걸 잃게 될텐데, 바보 아니면 하겠냐고.",2,0,1,98.82,2,2
323,323,똥개들이 뭘하나? 공화국에서나 쓸모있으려나,0,0,0,21.63,0,0
324,324,꿈깨라  믿을수 없는  조작된 여론을 보지말고  드러나지않은 민심을 느껴보라    더불어  썩은조국당은 정치권에서  퇴출이다,1,0,0,1.17,1,1
325,325,전라도 출생이 대통령이 되는 일은 절대 일어나지 않는다. 총리로 만족해라,4,4,1,58.43,8,0
326,326,좃중동이    낙연이 띄운다낙연이  색깔은  맘에   안들어요동아기자시절   전두환이  칭송 보도 ㅡ 사람이   할짓이 아니야,0,0,0,1.92,0,0
327,327,구라정당의 어용헛개비다,1,0,0,15.6,1,1
328,328,전라도는 확장성이 없어요. 꿈에서 깨어라. 차라리 조국을 출마 시켜라.,0,0,0,18.11,0,0
329,329,하다하다 이제 이낙연 뛰우기?,2,0,0,7.09,2,2
330,330,전라디언이 총리라니 ㅂㄷㅂㄷ,1,0,0,43.69,1,1
331,331,전라도지? 거름,0,0,0,9.47,0,0
332,332,토왜는 아니고,0,0,0,25.25,0,0
333,333,말로 떡을 하면 조선팔도가 다 먹고도 남습니다말로는 무멋인들 못하겠소번드르한 말솜씨로 국민들의 눈과귀를 현혹시키는 재주가 남달라 보입니다마음으로 국가와 민족을 위하는 진정정함을 뵈주세요,3,0,1,84.01,3,3
334,334,"라도총리, 바지사장, 원조 토착왜구.. 그리고 또 뭐 있죠?",1,0,1,99.16,1,1
335,335,비대위 맡아서 하다가 꽃가마 태워 은퇴나 대선 직행 될줄 알면 오산.......친노..친문들은 씹고 뜯고 난중에 퉤 뱉는다,1,0,0,0.16,1,1
336,336,안정감 있게 경제 외교 안보 3마리 토끼를 다 놓쳤다.,2,0,0,32.84,2,2
337,337,"문구라,,내년총선떄 대깨문전라도에서 30석이다...알긋나>>??!!!!",4,0,1,78.43,4,4
338,338,이낙연이 현정부에서 아무것도 안했잖아 청와대에서  다했지 솔직히 무능했지 말한마디 못했잖아,6,0,0,31.21,6,6
339,339,조중동 디급하기는 머가 다급해 선거해보면 되는것을,1,3,0,5.33,4,-2
340,340,전권 주고 모셔와야지 뭔 얼굴마담하라고?? 당대표님이 생각이 없읏신듯,0,0,0,17.77,0,0
341,341,이낙연의 아주 지저분한 짓이 뭐냐면 세월호 사건때 국토해양부장관이 진도체육관에 이낙연 전남도지사랑 같이 었었는데 점심시간이라 이낙연이 컵라면을 장관한테 먹으라고하고 자기는 안먹고 장관이 컵라면 먹을때 좌빨 기자들이 사진 찍어서 황제라면이라면서 기사 내서 결국에 장관이 라면 먹다가 짤림 ㅋㅋㅋㅋㅋㅋ,3,1,0,0.59,4,2
342,342,어떤  해골바가지가 그러던데20년장기집권한다고,2,0,0,9.56,2,2
343,343,내생애좌파찍는날은업어 내자식들도공감,1,1,0,5.55,2,0
344,344,이낙연도 아닙니다.국민들 속지마세요.북돼지한테 우리수령님 이라고 깍듯이 찬양한 종자입니다,7,0,0,0.25,7,7
345,345,민주당의원들 한강이 기다린다 무조건 조국 지키겠다고 범법자 두둔했잖아 가족사기단에 놀아났잖아,1,0,1,98.67,1,1
346,346,또대북을맨먼저언겁하는구나.대북은우리뜻되로절대힘든다.너무치우치다이짝났다.국내문제를우선시해야지.이총리도문코드와맥낙이판박이네.허상뜬구름이다.여태까지문통밑에서배운수가대북밖에없다.참신한인물이필요하다.,2,0,1,97.84,2,2
347,347,토착왜구 시키가 선대위원장? ㅋㅋ,0,0,0,47.37,0,0
348,348,조국은 자기가 탄핵을 이끈 실질적인 주역으로서 차기 대통령이 될 거로 생각했는데 죽 쒀서 개 줬네.,1,0,1,84.12,1,1
349,349,김현미 유은혜에서 웃으면 되나??? 대통령 유사시 다음 순위인 총리에 김현미 유은혜??? 어휴 진짜 문재인 인재풀 기가 찬다,2,0,0,1.35,2,2
350,350,이낙연 능력이나 있냐?? 겨우 말따먹기 장난으로 순간순간 모면하는 국총이 뭐가 대단하다고? 문재인 정권 경제 파탄 난거 이낙연은 책임없냐??이낙연도 소주성 그리고 53시간 근로 단축 찬양자 아니냐??,4,0,0,0.11,4,4
351,351,대통령이 치매인데 총리라도 잘했어야지,1,1,0,8.85,2,0
352,352,전라도 토착외구가   선거대책   위원장 이라니  대책없네.,2,0,0,0.16,2,2
353,353,낙연이고 누구고 간에~ 좌빨들은 그냥 싫다~ 나라에 빌붙어 사는 사람들 이용해서. 정권잡은 놈들!   나라가 10창 난거는 다 ... 좌빨 더불어공산당 때문이다,1,0,0,41.5,1,1
354,354,"이상하네요? 대통령 지지율도 오르고, 민주당 지지율도 오르는데...뭐가 다급하단 거지요?",6,0,0,2.25,6,6
355,355,이낙연 일왕에 90도 인사한 토착왜구?,1,0,0,6.79,1,1
356,356,ㅋ 니뽕당 댓글부들의 놀이터 눼이붕 ㅋㅁㅋ,0,0,0,1.44,0,0
357,357,여성만 두 분 계신 집에서 많은 남성들이 11시간 동안 뒤지고 .. 이발언이 이낙연의 그릇이다,4,0,1,95.59,4,4
358,358,뭐가 다급해져 제목을 뽑아도 꼭 이렇게 뽑지,0,0,0,27.52,0,0
359,359,아직도 정신 못차리고 있나? 뭘 보고 너그들 찍어 주겠나? 좌파가 10년 집권하면 나라가 남아 있겠나?,5,2,0,1.36,7,3
360,360,가짜뉴스 전문가 이낙연 아니신가!!!,0,0,0,3.57,0,0
361,361,조국 문재인 이낙연이 모두 비리에 걸려있는데... 무슨 선거를 나간다고.... 웃기네요....,2,0,0,49.08,2,2
362,362,민주당 뭐하니...ㅋㅋㅋ 당대표부터 사퇴시켜...ㅋㅋㅋ 이재명 잘라내고ㅋㅋㅋ,0,0,0,10.93,0,0
363,363,누가 조국지키기한다고 단체로 정신병 대꺄문 코스프레하라고 시키더나? 아직도 이인영은 대깨문 조국수호 코스프레해서 문재인 밀려나면 추풍낙엽되기 직전이더만 ㅋㅋ 이낙연은 청문회부터 조국문재인 손절하고 지 대권준비하던 게 보이던데 ㅋㅋ,0,1,0,26.5,1,-1
364,364,난세에 할말 할수있는 소신총리와 거리가 먼 아부총리 그러니 최장수 총리가 부끄러워야  정상,1,0,0,10.16,1,1
365,365,해골! 한망 날려야지,0,0,0,2.29,0,0
366,366,가만히 보고 있다가 듣기 좋은 소리 한번씩만 거들어줘도 엄청 잘한 총리가 되는 타이밍,0,0,0,9.46,0,0
367,367,육각떠네.너희들전멸이냐.××××아,1,0,0,30.0,1,1
368,368,이낙연밀어주는거냐? 차기로? ㅋㅋㅋ 인물이 진짜없나보네,1,0,0,12.25,1,1
369,369,사태파악  못하네~~  국민들은 좌빨이  싫은거야~~  총리도  그짝이자나~~   나아질꺼라  생각하는  저들의 착각~~   웃껴  진짜,2,0,0,1.79,2,2
370,370,너무이른등판이다.,0,0,0,20.99,0,0
371,371,이낙연이 대통령되면 볼만하겠다. 문재인이 싼똥 치운다고 이낙연임기 5년이 5G만큼 빠르게 지나가겠지 ㅋㅋㅋ 이에 버티다못해 이낙연은 문재인탓하겠지 ㅋㅋㅋ 재밌겠는데? ㅋㅋ 근데 이낙연이 대선나와도 당선될까? 너무 모든 분야를 폭망으로 만들어놔서 문빠들만 이낙연 찍을듯. 득표율 30%도 안나올것 같은데.,3,0,1,82.34,3,3
372,372,이총리 역시 문통의 총리로서 ~ 최장 총리로서  잘한게 뭐있어~ 문통은 못하고 총리는 잘했나?  삶은 소대가리가 웃겠다,8,0,1,95.66,8,8
373,373,"국고를  실컷  파처머고 또 더 처먹으려고?   졸라공비는  그만  처머고,  지리사으로 가라!",0,0,0,7.15,0,0
374,374,글쎄요. 과연 그럴까요?..,1,0,0,0.33,1,1
375,375,토착 왜구에  토착 빨갱이라,2,1,0,5.97,3,1
376,376,조국 이해찬 공동선대위원장. 임종석 설훈등 부위원장. 김어준 주진우 대변인으로 가라.이낙연총리는 정부에서 해야할일이  아직은많은사람이다.,1,0,1,98.29,1,1
377,377,이번에 조국 감싸는거 보고 호감에서 비호감으로 바꼈음,4,1,0,2.81,5,3
378,378,이낙연은 전라도 가 약점?   정치는 숫자놀음이고    조국이 내년 총선 민주당 에 똥 묻 은 재를 확뿌려서. 집권여당은 약세를 면치못하리라 판단하여본다,2,0,1,62.19,2,2
379,379,나라 말아먹으려고 작정했구나. 좌파는 이번으로 끝이다.,7,0,0,6.11,7,7
380,380,이 인간은 지금까지 뭐했는데 같이 말아 먹고 있는데  뭔 해결책이 된다고,1,0,0,47.47,1,1
381,381,그래 봤자 좌빨 친북일뿐 그나물에 그밥  이젠 민주당은 국가 발전을 위해서라도 정의당과 같이 사라져야 할 집단,1,1,0,1.25,2,0
382,382,이낙연은 도쿄 특파원 출신이라 이번 방일때 통역가 없이 일본어로 ㄷㄷ,0,1,1,78.13,1,-1
383,383,토착왜구 이낙베 이번에 보니까 통역도 안쓰고 자기 일본어 잘한다고 자랑질 졸라 하던데 ㅋㅋㅋ,1,0,0,7.38,1,1
384,384,헐!뭐했는디~ 살림  잘했나~싶어!그건 다 알건디~~나만 아나!!,0,0,1,63.02,0,0
385,385,이낙연없어도 200석 자동이다,0,1,1,62.25,1,-1
386,386,역사상 최악으로 기록될 치매걸린 정신병자 문재앙ㅋㅋㅋㅋ 그리고 그 최악의 정권의 최악의 총리 리낙연ㅋㅋㅋㅋ,3,2,0,0.01,5,1
387,387,싸가지없는당  민주당은 해체해야만한다  이인영 오늘 연설 어의가없다  지들은 잘못한게 한개도 없다는듯이 말하고있으니 더이상 니네 민주당은 여당으로 자격미달이다.,1,0,0,31.85,1,1
388,388,ㅋㅋ 민주화이후 최장기 총리란다 문재앙이가 민주화냐 ㅂ 신새끼들아,0,0,0,0.18,0,0
389,389,제목이 ...다급하긴 뭐가 다급하냐...,1,0,0,9.04,1,1
390,390,개 구충제  먹으면 대통령 된단다. 처~,1,0,1,55.42,1,1
391,391,"아마추어 좌빨들아, 정권줄때 잘할지. 이미 버스지나갔다.",1,1,0,13.22,2,0
392,392,절대로 다신 속지말자,3,0,0,0.91,3,3
393,393,참더불당은 인물도없다,1,0,0,11.57,1,1
394,394,"ㅎㅎ 일왕에게 90도 절한 낙연이 ,,,,, 저늠이 전라도 토착왜구니라  달창들 반박해보거라 !!!!  // 글구 문간첩 지지율이 오른다고 리얼조작하면서 왜 이낙연이가 등판해야하냐????  문간첩 바닥인거 인정하냐??? 거짓을 선동하다보면 계속 니들의 더럽고 비열하고 비겁한 창자만 털린다 ,,,,,",1,0,0,0.0,1,1
395,395,"일하는 총리는 냅두고, 이해찬이나 빨리 처리해라. 자한당이 미쳐 날뛰어도 니들이 총선압승한다는 기대는 하질 말고 ㅋㅋ",0,1,0,6.2,1,-1
396,396,"이총리 아니라 삼총리, 사총리가 나와도 내년 총선에서 민주당은 전멸할 것이다. 집권한지 임기 절반을 넘는데, 도대체 성과라고 내놓을 게 뭐가 있는가? 안보, 외교, 정치, 경제 국정의 모든 분야에서 낙제점은 물론, 특히 경제는 완전 폭망 수준이요 대북 정책, 미국과의 안보 동맹은 파국 수준이다. 그러고도 내년 총선에 또 표달라고 할 것인가? 한국 역사상 이처럼 단시일 내에 나라를 거의 파망 수준으로 추락시킨 정당은 없었다. 국민들 사이에서 '못살겠다. 갈아치자'라는 구호가 터져나오는 이 가혹한 현실 두렵지 않은가?",8,0,0,32.91,8,8
397,397,믿을 구석ㅇ ㅣ.....홍 ㅇ ㅓ밖ㅇ ㅔ...없는 ㄱ ㅓㅇ ㅕ....그런 ㄱ ㅓㅇ ㅕ....,1,0,0,0.57,1,1
398,398,"죽창들자던 자들이 일본 아베에게 머리 조아리는 꼬락서니 하고는.... 문재인 니가 대통령이냐? 초등 1학년도 그리 싸구려 행동은 하지 않는다. 반일 선동하여 정치적으로 이용해먹고 이제는 아니야? 멍청한 것이 빈 깡통 머리 빙빙 돌리니 자꾸 사고가 나는 것야. 초딩 수준의 문재인 어쩌리오? 그 떨거지 더러불 공산당과 함께 대한민국에서 쓸어버려야 한다. 문재인 탁핵,조국 구속, 더러불 공산당 북송",1,0,0,0.0,1,1
399,399,이낙연 총리 가 스스로결정한게 있는가 정와대 심부름꾼에 불과했지,2,0,0,18.09,2,2
400,400,함박도 북한 땅이라는 인간 볼 필요도 없다,1,0,0,19.5,1,1
401,401,ㅋㅋㅋ 똑똑하면  대권 안할꺼ᆢ,0,0,1,66.65,0,0
402,402,지들의 희망사항을 기정사실로 기사화하는 쓰레기 매체 좆중동!,0,0,0,24.58,0,0
403,403,자한당반 아니면됨... 어차피 대세는 자란당을 버렸음.,0,2,0,5.27,2,-2
404,404,잎으로만 공정 정의 말하며 사리사욕 패거리 이익 추구하고 하는을 가리는 붉은세력은 민심이 떠났슴을 알고 물러가라!!!!! 세상의 흐름은 진정 공정하고 정의운 자유민주주의 권력을 국민 스스로 세우고 불의한 좌빨정권 권력을 응징하는 쪽으로 가고있다.  북한의 처참한 인권에 입다물고 남쪽의 인권을 권력유지 비호의 수단으로 삼는 거짓된 정권은 존재가치가 없다!!!!,0,0,1,92.9,0,0
405,405,이제이해찬갈어치울려고기사때리는것봐라,0,0,0,16.39,0,0
406,406,망조 들어  망할당,0,0,0,9.1,0,0
407,407,속지말자 민주당   다시는 좌파정권  없다.,1,1,0,2.8,2,0
408,408,절라 피로증.ㅋ 나라망친 절라도.ㅋ,6,0,0,1.63,6,6
409,409,선거철이 되어야 더러운 정치바닥 비하인드가 쏟아져 나올꺼다 / 전정권의 바다이야기 뒷돈 캐내기 / 현정권의 태양열발전과의 커넥션 유무 / 원자력발전소 건설중단과 환경단체와의 관계 / 절라도 예산퍼주기의 진상 밝히기 / 기타 등등 무수히 만타,0,0,0,0.02,0,0
410,410,이낙연 하면은  나라 개판 된당,1,0,0,1.17,1,1
411,411,인물도 인물도  ㅉㅉ 목소리로 정치하나 어 ? 얼굴로 정치 하는거 뽑았다가 이 사단이 났으면 정신 좀 차리라 개돼지들아,1,0,0,0.9,1,1
412,412,푸하하 똥줄타니깐  별짓을 다하네  그런다고 국민마음돌아설까?  좌파들을 확실히 알게한 조국이 때문에  총선폭망할건데.  더듬어당 해체가. 닶이다,6,1,1,69.26,7,5
413,413,이 총리님  이달 말까지만  하시고 내려와서 민주당 기강도 부드러운 카리스마로  개혁해 주시고 내년 총선도  맡아서  이끌어 주세요,0,1,1,99.46,1,-1
414,414,이낙연 OUT,1,1,0,2.9,2,0
415,415,이낙연도 문죠둥아니처럼 그나물에 그밥이다 똑같은놈이지 모순에 위서된 빈껍데기지 겉만 뻔질나게 행동하지,2,1,0,2.04,3,1
416,416,"나라가 이꼴이되도록 이총리가 한것이 무엇인가?청와대 눈치나 보고 아무 할 말 도 못한 총리가 뭘 했다고.역대 정부에서 국민과 야당은 항상 책임 총리 를 요구 하고, 할 말은 하는 총리를 요구 했다.그러나 이낙연 총리 역시 문재인 꼭두각시 놀음외에 한 것이 없다.조국사건도, 때론 청와대와 입맛추어 편들고,방치하고 그외 무엇을 했나?",5,2,0,0.46,7,3
417,417,"국민 위하는 넘들은 하나 없고 다 지들 밥그릇 챙기기에 혈안. 자한당 적으로 몰지만, 연봉 협상할 때 서로 손잡고 화기애애 할 때 이미 속이 빤히 다 보였다. 징글징글한 국개의원 반으로 줄이자니까 제발.",0,0,0,17.51,0,0
418,418,유은헤   김현미    푸하하이런친구들이  총리후보감이라고......       그러니 이벤트정부   쇼정부라고 하는거지...깜이나 된다고 생각하나...,1,0,0,2.25,1,1
419,419,일본가서 굽신대고 일본어로 얘기한 그 친일파 말씀이신가?,1,0,0,1.79,1,1
420,420,개수작 부리지마라!~~ 종양일보야!~ ㅋ ㅋ,0,0,1,99.55,0,0
421,421,세월호 전남도지사.......체육관서 .라면먹던 장관 좌표찍어 옷벗기고 슬며시 문책 피해감.....침몰 노력훈장 받아서 적와대 입성.,0,0,0,0.25,0,0
422,422,이낙연  아니 그누가와도 민주당니들은 끝이란걸알아라 조국사태보면서 아주 질렷다 그리고왜이낙연이냐?니들이우상으로떠받들고 보호하는 조국 데려와야지,0,0,1,98.2,0,0
423,423,에휴민주당멍충이들 -- 이낙연총리 부를생각말고 제대로 해라좀...,0,0,0,6.99,0,0
424,424,전라도가 완전히  홍어조 ㅈ  이구나선거철만돼면 홍어를 찾으니   불상하다,2,0,0,1.02,2,2
425,425,이낙연 손학규 이해찬 70세넘지않았나??판단력매우흐림 사리분별안됨 집으로가라 많이해쳐먹었쟎아,3,0,0,0.73,3,3
426,426,리낙연 = 전라도 함바집에서 술 거하게 취한 노인네상,1,0,0,2.64,1,1
427,427,조국 초기에 바른말을 했으면 이낙연은  지도자 감이 될수 있었는데 눈을감고 검은것을 검다고 말을 못하는 안민석 김종민 이재정 표창원과 같은 부류로 낙인이 찍혀서 이제는 절대 아니라고 말 하고싶다,5,0,0,9.59,5,5
428,428,아하 그 전라도에서만 통한다는 총리? 국민심판 제대로 당해봐라 보로지 민주당놈들아 총선 50속도 힘들것이야,2,0,1,56.24,2,2
429,429,이낙연 할아버지가 와도 전라도는 절대 안뽑고..더불당은 끝났어.전라도사람들이 나 모여들게 총선때.전라도가서 많이 약팔아라..,2,0,0,41.12,2,2
430,430,총리가 안정됐다니 ㅋㅋㅋ 시키는대로 하니 문재앙만 욕먹었을뿐,0,0,0,2.63,0,0
431,431,지금의 총리가 무엇을 잘해서 오래한게 아니고 워낙 나라가 엉망이고 장관들이 무능해도 그들보다는 쬐끔 낫다는 표현이 맞다,1,0,1,51.34,1,1
432,432,전라도 향우회때문이라면 별 필요없을 듯.,1,0,1,90.4,1,1
433,433,문재앙딱가리..,2,0,0,1.65,2,2
434,434,"2019년 11월2일 1시 토요일 광화문 광장으로 모입시다. 조국 구속 공수처 반대, 인현고 전교조 만행공수처 https://www1.president.go.kr/petitions/583098",2,0,0,11.65,2,2
435,435,토착왜놈 이나견,1,0,0,17.09,1,1
436,436,민주당인데도 왜 노무현 문재인이 대통령이 되었는지 아나? 경남에서 최소 5:4 비율로 표가 나오기 때문이다 지역감정을 떠나 전라도 출신 이낙연이 앞장서면 선거 공학상 필패다.,1,1,1,94.92,2,0
437,437,ㅋ ㅋ ㅋ  잘좀하지  좃구에 매달려 폭망하는군,0,0,1,75.54,0,0
438,438,이낙연 아들도 조민이랑 똑같은 코스 밟았다며?ㅋㅋㅋㅋㅋ,3,0,0,42.4,3,3
439,439,전라도 그쪽은  꼭  이낙연이  아니라도  당선되잖아?  공천만  받으면  노숙자를  세워도  당선될걸?,2,0,1,80.0,2,2
440,440,토착왜구ㅋㅋㅋ,1,0,0,33.71,1,1
441,441,이제 문재앙 자바가서 상여 맬 차례다 문재앙 !,1,1,0,7.91,2,0
442,442,왜 다급한 것일까? 지지율이 많이 올랐다는데..,0,0,0,16.56,0,0
443,443,엥? 낙베가 차기 대선후보? 풉,0,0,0,39.95,0,0
444,444,긴 시간동안 국정전반이 폭망한 책임이 총리에게 없다는 주장을 하면서 황교안이 박근혜 정부의 부역자라는 주장을 하는 것이라면 이 또한 제식구 감싸는 내로남불에 불과할 뿐.,2,1,0,0.56,3,1
445,445,문재앙과 이낙베 지지자는 공산주의자거나 김어준 방송보는 대깨문 뿐이다.,0,1,0,4.99,1,-1
446,446,아무리 그래도 민주당 다음 선거때 죽사발 되는줄 알아라,1,0,0,43.22,1,1
447,447,이낙연 ㅋㅋㅋㅋㅋ 그 김정은 모시는사람 말하는건가?,1,0,0,10.3,1,1
448,448,이낙선 아닌가~!,0,0,0,25.61,0,0
449,449,민좆당 어지간히 똥줄 타나보네ㅋㅋㅋㅋ 어차피 분당 될 놈들이 ㅋㅋㅋㅋㅋㅋ,0,0,0,11.44,0,0
450,450,이낙연이 뭔 구세주라도 되는줄 아는데... 웃기는일이네,1,0,0,2.94,1,1
451,451,정대철이 지가 뭔데 나오라마라야 말도 들을사람 말을 들어야지 뛰쳐나갔다가 패가망신한 정대철이 말을 왜듣고 나가겠냐,0,0,0,41.13,0,0
452,452,"웃고 간다ㅏ , ,",2,0,1,78.17,2,2
453,453,"정치  결과는  모두 여당에 있다.    따라서    집권당은  무한책임을  지는것이다..        야당이   반대한다고,   조건이    달라지는 것이  아니니,     이제는   찬성하는  국회의원수를    따져서   결과를  도출하라..^^",0,0,1,97.45,0,0
454,454,"최고권위자(갱상도,또는 이북)+총리(전라도)=환상의 조합➡️정치 고단수의 비상한 머리.",0,2,0,23.14,2,-2
455,455,쫑앙일보 행복회로 또 돌리네 민주당 망하고 총선 마치 보수가 압승할것처럼 대뇌망상 시전 ㅋㅋㅋ 현실은 민주당 압승 보수궤멸인데 한국 보수세력은 조중동같은 정신병자들만 있으니 되는게 없는듯,2,1,1,99.82,3,1
456,456,"아베에게 친서를 보낸 문재인, 그 친서를 가지고 일본에 가서 일왕에게 고개를 숙인 이낙연. 이 정도면 둘 다 토착왜구다.",1,2,1,82.91,3,-1
457,457,국회위원 수 늘리려고 하지 마라,1,0,0,6.57,1,1
458,458,빨대 꽂을라고  줄을스고 있다라고  들리는데 웃어야하냐  울어야하냐 ㅋㅋ 정치판이  이렇지  뭐 ?  ㅋㅋ,0,0,1,98.73,0,0
459,459,"일왕 알현하는 토착왜구 이낙연 아들 재검 후 병역 면제, 이낙연 아들도 조국 딸과 같은 경로로 부산대 의전원 입학",1,0,1,94.29,1,1
460,460,정동영 생각난다 하지마라!친문친노들 먹으면 버린다.,0,0,0,43.52,0,0
461,461,백날 그래봐야 전라도 사람이야,0,0,1,73.48,0,0
462,462,꼰대본부장,0,0,1,72.86,0,0
463,463,이낙연도 조국과 문재앙과 똑같은 해운사 비리로 엮여있고 아들이 조민처럼 고려대에서 부산대 의전원으로 감ㅋㅋㅋㅋㅋㅋㅋㅋ이낙연으로 뭉치다 또 골로갈듯ㅋㅋㅋ,0,0,1,98.19,0,0
464,464,그럴려면  일본에 안보냈서야..지-  반일 극일 불매일본산  이런판에 글종이들고  일본갔... ㅋ누구나 등돌리지....,0,0,1,81.31,0,0
465,465,보수언론들... 그나마 경쟁력있는 여권 차기 대선주자. 조기에 강제 등판시켜서 상처입히고. 조기 사망하게 할려고 하는게 눈에 훤히 보인다. 여든 야든 아껴둔 카드는 아껴뒀다 꺼내는 법인데. 그걸 또 찾아내서 발본색원하려고 뻠뿌질 하는구나.,0,2,0,2.02,2,-2
466,466,이번에 그 밥에 그 나물이란 걸 절절히 실감해서 그닥..,2,0,0,2.55,2,2
467,467,애고  더불어 좌 ᆢ빨당  선거때  돌아오니  또  시기 ᆢ조작  개 ᆢ잡질  스물스물   바퀴벌레  쉬 ᆢ키들  살충제로  박멸 해야,1,0,0,40.85,1,1
468,468,전라도는 지역감정이 아니라 사이언스더라...나도 겪어보기 전엔 몰랐음,1,1,0,20.8,2,0
469,469,ㅋㅋㅋㅋㅋㅋㅋ그저 이미지 정치 진짜 노답이다 능력이란것 없어 그저 누군가의 이미지에 기대며 언플만할뿐 그게 586꼰대들의 전부,1,0,0,0.46,1,1
470,470,말만 앞서는 니들 좌빨은 자유민주주의 대한민국에서 없어져야된다,1,0,0,10.59,1,1
471,471,다음대선때 민좃당에서 대통이나오지않으면 민좃당   조.ㅅ. 되는거지 문통바로감옥직행  그래서발등에불떨어진거고  이걸막아줄인간이필요한건데 이낙연은 아니다 좌좀쓰레기들,3,1,0,0.12,4,2
472,472,시간아 빨리가라 총선에서 초토화되는꼴 빨리 보여주고싶다,4,0,0,7.12,4,4
473,473,문재앙과 더불어공산당  이해골로는 안되겠나보지문재앙 정부에서는 더불어공신당 문패로는 어떤 넘이 나와도 낙마다  그리고 문쟁부터 사노맹. 주사파 이넘들은 역적죄로 모두 사형시켜야 한다,3,0,0,49.12,3,3
474,474,이총리님  응원합니다,1,3,1,96.89,4,-2
475,475,이미 늦었어 이낙연도 결국 전라도 사람이야,5,1,1,53.58,6,4
476,476,기레기출신에서 총리까지 엄청 출세한 케이스,1,0,1,72.81,1,1
477,477,늦었어.,0,0,1,82.07,0,0
478,478,■■■점잖은 척??.....직언하지 않는 총리모습이 더 역겹다!,2,1,0,5.89,3,1
479,479,김현미 유은혜가 왜 후보냐. ㅋㅋㅋㅋㅋ인물 드럽게 없네.,1,0,0,5.43,1,1
480,480,중앙일보 답게 보도 하는 구나 다급은 뭔다급...제대로 보도해라,1,0,0,1.84,1,1
481,481,관심없다 그놈이 그놈이다,0,0,0,41.22,0,0
482,482,이셋키 대선 못나와 ㅋㅋㅋ부산의전원 ㅋㅋㅋ일베 토착변종왜구 ㅋㅋ,0,0,0,11.57,0,0
483,483,개  꿈도야무지다 .라도 섹이   .억지 생데않쓰고는   .그쪽   훈요십조 .인은 절대불가 .개털.,1,0,0,10.09,1,1
484,484,돼지열병 하다 머함?,0,0,0,14.75,0,0
485,485,예산증대 및 낭비는 주색잡기와 같으며 인플레로 집값만 올리는 이게 경기진작이냐. 민주-정의당은 주색잡기 예산늘려 나라곳간 말아먹자는 것이냐. 조민이 동양대에서 근무한 걸 본 사람있다 주장하던 민주당은 지금도 이말 주장하냐? 좌파 거짓말에 질리므로 선거제개편은 국민투표로 붙여서 결정하는게 주권재민 원칙에 맞다고 본다. 비례대표 제도라는게 당대표와 비밀 자금제공한 자간 국회의원 나누어 먹고 국민에 의한 견제 시스템이 없는 제도이다. 동제도는 데모전담 요원 양산하는 비리 노조 민노총의 국회진입 교두보 비례제도는 폐지하는 게 맞다,2,0,0,0.0,2,2
486,486,낙베슨상님 복귀하시면 뭐가 달라지나요? ㅋㅋㅋㅋ,0,0,0,5.57,0,0
487,487,ㅋㅋ 다급? 중도 손절 후에 지푸라기 잡는 심정?,0,0,0,14.54,0,0
488,488,낙베 일왕한테 90도 인사하더라 친일파 ㅅ.ㅐ ㄲ  ㅣ.누가 나라대표로가서 대통령대신간건데 일왕한테 90도로 인사하냐. 하.... 이런게 국격떨어지는거지. 경제적이익은 안챙기고 저런데가서 쓸데없이 90도 인사나하고 말이야 일왕이 우리나라 대통령 위임받고간 총리보다 높냐? 대깨문 달창들 아갈머리 닫고 있는 꼬라지봐라 구역질나는 OOO들,1,1,0,0.0,2,0
489,489,허수아베 ㅋㅋㅋㅋㅋㅋㅋ,0,0,0,15.52,0,0
490,490,신라대학이 어디있는 대학인가요? 첨 들어보는데 아시는분 계신가요?,0,0,1,93.72,0,0
491,491,푸흡...,0,0,0,10.9,0,0
492,492,낭중지추,0,0,1,66.98,0,0
493,493,"이낙연국무총리 신임이가는 분이다.그러나 지금같이 북한에 끌려다니면서 경제, 외교를 이런식으로 하면 민주당 안찍는다.주변에 이런사람, 안찍겠다는 사람 많다.",0,0,0,11.44,0,0
494,494,이낙연 ㅋㅋㅋ 나이 넘 ㅋㅋ 머어서 ㅋ 안된다 ㅋㅋㅋㅋㅋ   좌향좤좌 라서 ㅋ 안된다 ㅋㅋㅋㅋ무조건 ㅋㅋㅋ 정권교체ㅐ해야 ㅋㅋㅋㅋㅋ 궁민덜 ㅋㅋ 그나마 안속는다 ㅋㅋㅋㅋ ㅋ 좌 우좌우 집권해야ㅕ ㅋㅋㅋㅋ 나라가 발전한다 ㅋㅋㅋㅋㅋㅋㅋㅋㅋㅋ ㅋㅋㅋ,0,0,0,38.38,0,0
495,495,지럴하고있네 민주당 너거들은 끝났다 조국이 계속 비호할때 진즉에 너거들 끝났어 리얼미터 진짜 믿나보는데 바닥 민심은 저 밑이거던 두고보자 내로남불당색히들,0,0,1,89.94,0,0
496,496,■■■조국사태 때도 대통령에게 바른말(임명철회) 한마디 못하는 ■아부형 총리!.....포장하지마!,0,0,0,8.24,0,0
497,497,"나라꼬라지가 이지경이면, 제일 먼저 경질 되었어야 할 쑤레기가 낙견이지. 좌빨 쑤레기들은 모든것이 반대로 간다. 그래서 좌빨이다.",0,0,0,0.76,0,0
498,498,지지율 오른다며.... 리얼미터,0,0,1,78.57,0,0
499,499,여론조사 문재인지지율45% 민주당지지율40%대인데  민주당은 왜  다급할까?  그 지지율이면 과반수는 아니어도 원내 1당 충분한데  말이야 당신들도  민심이반이 심각한 것 아는건가? 그렇다면 기울어진 언론ㆍ여론조사 내용은가짜 뉴스 아닌가?,3,0,1,69.92,3,3
500,500,"수장  자격슨 되는듯,",0,0,1,88.99,0,0
501,501,과대평가,1,0,0,0.84,1,1
502,502,토착왜구 반자이 반자이!!!,1,0,0,9.46,1,1
503,503,어리버리 나이도 있고 사퇴하셔요,0,0,1,76.5,0,0
504,504,꼴 깝들떠네  빨   갱이 ㅅㅐ끼들,1,0,0,0.31,1,1
505,505,이낙연은 당선 못함. 비문뿐 아니라 반문까지 와도 모자랄 판국인데 친문계 정치인을 선거판 내보낸다? 지금 이나라 문재앙 만든게 친문파가 눈 귀 가리니까 그런거 아니냐?,1,1,0,3.24,2,0
506,506,민주당 마지막 발악중?ㅎㅎㅎ,1,0,0,10.85,1,1
507,507,목소리 깔면서  달창들 눈치만 보는 재주? ㅋㅋㅋ~ 그게 다?,3,0,0,7.27,3,3
508,508,이낙견이 전국구란다.개 쑤레기 언론들. 전나도 좀비 쑤레기들만 지지하지. 전나도에서라도 살아 남아서 다음을 기약해보고 싶으냐? 이번에 전나도 조작당 나오는 동네는 확실하게 찍히는 줄 알아야 할 것이다.,1,1,1,84.6,2,0
509,509,오래만하면 장땡이냐.  경제 안본 등 나라 말아먹는데 청와대와 같이 일조한 쓰레기 아니냐,1,2,0,3.0,3,-1
510,510,"해골 바가지는 핫바지냐,,,???? / 하기야,,,,핫바지 되고도 남을 인물로 보이더라 / 다 좋은데 경상도 사람일랑 쓰지마라 /",0,1,1,88.4,1,-1
511,511,그밥에  그나물이지  문재앙  그만두면  모를까  이젠  글렀다  쓰레기들아,4,2,0,1.1,6,2
512,512,문재앙 폭정을 가장 길게 방치한 총리.,2,0,0,3.26,2,2
513,513,■■■이낙연의 잔머리??....무색무취로 살아남기!,1,0,0,26.28,1,1
514,514,민주당 짱 ᆢ 살기조아졌어용 ㅎㅎ,1,3,1,97.15,4,-2
515,515,생쇼 하는군...뭔들 효과 있을까?니들에게는 표안 준다.,1,0,0,23.34,1,1
516,516,정권잡는것?한번이면 족하지 뭐 다음까지할라꼬?국민들의 학습효과는 괜찮았어,3,0,1,97.74,3,3
517,517,우리나라 헌정상 총리가 대선 나와 당선 된적이  있나??  ㅋ,1,0,1,88.68,1,1
518,518,민주당이 망해야 대한민국이 산다!!  즉 자유민주주의가 살려면 사회주의이념을 가진 정당은 사라져야 한다고 겁니다.,4,0,1,99.88,4,4
519,519,민주당아  이낙현이  해도   망조가  든걸   우짜노?,3,0,0,15.04,3,3
520,520,아! 이 기사가 중앙일보 기사구나.  실감난다.,0,1,1,50.35,1,-1
521,521,홍어 꼬추를 까거라,0,0,0,14.62,0,0
522,522,이해찬은 사퇴해라    제발,1,0,0,28.62,1,1
523,523,총선대선이 말해주겠지 뭐가 민심이였는지를,2,0,1,50.01,2,2
524,524,더불어 미친당놈들...,1,0,0,46.26,1,1
525,525,정권교체희망합니다. 이정권들어 좋아지긴커녕 스트레스를 너무 주고있어요.  질리네요,26,2,0,37.22,28,24
526,526,민주당 지지율높던데? 가만있어도 총선 대승각인데? 총선 대승해서 헌법 뜯어고치고 공수처설치해서 정적 다 감옥보내고 선거제도 고치면  100년집권도 가능할텐데 왜  조급떨지?,1,1,0,0.23,2,0
527,527,"조중동은 민주당은 불리한 기사만, 조중동은 유리한 기사만,  언론이 치우쳐도 너무 치우쳤다. 믿고 거르는 조.중.동",0,3,0,8.61,3,-3
528,528,오래만 하면 뭐하나? 나라와 국민을 위해 뭘했지?딱히 떠오르는게 없는데 ?,3,0,0,1.49,3,3
529,529,리얼미터는 지지율 자꾸 오르던데? 니들도 리얼미터 조작이란거 아는거지?ㅋㅋ,1,0,0,42.3,1,1
530,530,일본의 우두머리한테 대가리를 조아렸다..낙베 네놈은 한민족의 대역죄인이니라!,0,0,0,13.27,0,0
531,531,지금 나라꼴이 개판인데 더이상은 좌파가 설자리가 없다,1,0,0,0.34,1,1
532,532,중앙이 많이 급한가보다 갑자기 민주당 이야기를 ㅋ ㅡㅋ,0,0,0,8.93,0,0
533,533,이총리는 건들지마라 니들 당만 들어가면 토착왜구당과 하는짓이 똑같아진다,0,0,0,26.44,0,0
534,534,ㅋㅋㅋㅋ졸라웃긴게..이낙연이 얼마전에 일왕 즉위식 갔다오고 나서 댓글란에서 토착왜구란 단어가 눈에 띄게 줄어들었음ㅋㅋㅋㅋㅋㅋㅋㅋㅋㅋ니들 논리가 쪽팔린건 아냐 이 달창 10창냔들아?ㅋㅋㅋㅋㅋ,1,0,0,42.01,1,1
535,535,이낙베,0,0,0,49.09,0,0
536,536,"좌파를 하려면 허인회같이 태양광으로 떼돈을 벌거나, 조국처럼 지위를 이용해 떼돈을 벌거나, 전교조해서 자식 대학을 좋은 곳으로 보내거나, 노조 지도부가 되어 떼돈도 벌고 일도 세습해야한다. 그렇지 않으면 하부에서 열심히 동원되어 생고생하거나 자식들은 특권층의 희생양이 되거나 시다바리가 되는거고.. 자식 꽃제비 만들거나 평생 좌파 졸개 노릇말고 아무것도 못할 걸..대부분.",0,0,1,53.51,0,0
537,537,"이제부터,전라도 출신은 믿고 거른다~~~",0,1,0,21.85,1,-1
538,538,원조 적폐 OOO. 조국 지지하며 윤석열 처벌 운운하던새끼임.,2,0,1,64.61,2,2
539,539,발광을 해라 발광을 해. 이 낙연 총리?????.,0,1,1,72.86,1,-1
540,540,내년 승리전략이군요,0,0,0,34.69,0,0
541,541,"아베는 가만 잇는데, 즉위식 핑게되고 친서들고 쪼르르 달려가서 아베 만나고 온 사람. ㅋㅋㅋㅋㅋㅋㅋㅋㅋㅋㅋㅋㅋㅋㅋㅋㅋㅋㅋㅋㅋㅋㅋㅋㅋㅋ   이사람이 힘 쎈 사람임?",1,0,0,3.75,1,1
542,542,민주당 놈들아 대통령 뒤에 숨어서 곶감만 빼먹고 필요하니까 이낙연 총리 곶감 빼먹으라 하고 있네 니들 왜그러고 사냐,0,0,1,95.63,0,0
543,543,민주나 한나라나 국민들끼리 싸움부추기는 정치인들은 대통부터 말단 정치인까지 도태되어야한다. 잘못이 있다면 박그네 순시리 한나라욕했으면 조국 문통 민주욕도 당연히하는 최소한의 균형감각과 도덕성은 있어야하는거 아닌가? 뻔히 드러난 객관적인 죄과를 못본체 애써 눈감고 누구죄는 더럽고 누구죄는 문제없다하는 사람들 전부 왈가왈부할 양심되는지 가슴에 손을 얹고 생각좀 해보자. 내일을 살아가야하는 자식들 눈 똑바로 쳐다보고...자식들앞에두고 뜰딱 토착왜구 홍어 이런 잡소리들 할수 있나? 왜 국민들끼리 쌍욕하고 생채기내는데?,0,0,0,0.0,0,0
544,544,민주당내 좌빨세력들을 몰라내라,0,0,0,18.45,0,0
545,545,다급하긴 개뿔~ 뮈가 다급한데~왜 다급 하다는 건데? 기자님  그냥  다급해진 빼고  민주당 이렇게  쓰시면 안될까요~ ㅋ,0,0,0,0.52,0,0
546,546,라도 출신이 다음 대선에 꿈도 꾸기 어려울것,0,0,1,96.53,0,0
547,547,이낙연이 아들도 조국이하고 비슷하다는 야기가 있는데....,2,1,1,96.36,3,1
548,548,좌파에게 절대로 속지 안을것이다,2,0,0,1.79,2,2
549,549,그저 주댕이 닫고 나몰라라 하고 물타기나 가끔 하면 훌륭한 총리 되는 나라구나~~ㅋㅋ,0,0,1,65.24,0,0
550,550,이낙연 의뭉스럽게 보인다 이낙연이 최선인가보네 겨우 인물도 없어,1,0,0,16.01,1,1
551,551,내주위에 민주당절대안뽑는다,0,1,1,59.94,1,-1
552,552,참말로 거시기 하네요 !!!!,1,0,1,82.48,1,1
553,553,선거가 다가오니~~ 마타도어 더러운 언어로 댓글 다는 넘들이 많아지는구나!! 언제나 이런 짓거리들을 안보고 살까?,0,0,0,26.43,0,0
554,554,조작미터 더불어기생충당  지지율 40%나 되는데 뭐가그리도  조급할까,3,0,0,3.51,3,3
555,555,김현미가 총리물망에? ㅎ ㅎ 막가자는거지?,1,0,0,17.69,1,1
556,556,이낙연이 누구여..,1,1,0,37.93,2,0
557,557,낙연이는 신안군 군수로 부임할거야  ㅋㅋ,1,1,0,40.29,2,0
558,558,친일 이낙베슨상.,1,1,0,13.15,2,0
559,559,너도나도 미쳐날뛰는 이 정권 하에서 무색무미무취 한 것도 능력이라면 능력이지 ㅋㅋ,1,0,0,13.98,1,1
560,560,이낙연이 나와도 문재인때문에 안될거다.문재인이 말아쳐먹은게 많아서...ㅋㅋㅋ,0,1,1,77.61,1,-1
561,561,끝,0,0,0,24.24,0,0
562,562,대한민국 입법 행정부 수장 모두 오로지 총선 총선 ~,0,0,1,61.61,0,0
563,563,민주당 결국 쪼개지는 모습 여실히 보여주네,1,1,1,55.69,2,0
564,564,민주당아.. 일 잘하고 있는 총리님 왜 뒤적거리냐. 니넨 이해찬이나 사퇴시키고 당이나 개혁해. 안그럼 민주당 표 안줘.,0,0,1,92.44,0,0
565,565,민주당이 다급해진건 전정권 탓이지?  조국이 싸고돌아서 그렇게 된건 절대 아니고.  모두 야당 탓이다,1,2,0,43.71,3,-1
566,566,자멸당이 지금 급하구만 중앙에서 이런 기사 내는거 보니... 원래 자금쯤 문재인 레임덕와야 정상인디 ... 분열도 없고 너무 견고한거라 총선이 코앞인데 큭큭큭 자멸당은 친이친박 싸움질중이고 친박의 열매를 친이가 꽁으로 받아먹고 있으니 ... 쥐박라인 윤춘장 나경원 황교안  껄껄껄  이들이 박양을 팔고 다니니 화가 나야안나냐,1,3,0,0.39,4,-2
567,567,이제 민주당 안사요~,3,1,0,13.05,4,2
568,568,무식하고 게으른 막가파 패거리들.  교체되어 마땅.  폐기해야ㅡ.  재활용불가.,0,0,0,1.31,0,0
569,569,이해찬 대표로는 필패 입니다 이낙연이  선거 대책 위원장으로 맡아주세요,0,0,0,9.68,0,0
570,570,토착왜구 + 빨갱이 놈이내 그려... 최고악질...,0,0,1,87.95,0,0
571,571,탁현민이 보고 있나? 그만 쇼 하고 탄핵이나 받으세여. 지긋지긋하다.,0,0,0,6.96,0,0
572,572,뭔가 착각하는데 노무현 패거리 즉 진보좌파 운동권 패거리는 전라도를 이용만하지 전라도사람을 대통령으로는 절대로 밀어주지 않는다 그걸 알면서 속는건지 아니면 이권이 걸려있어서 그러는건지는 몰라도 전라도가 운동권패거리와 엮여있는한 앞으로도 전라도출신이 대통령되는 일은 없다,1,0,0,0.19,1,1
573,573,"30대, 40대 대거 등용해라",0,0,1,63.25,0,0
574,574,이상하다. 여론조사하면 민주당은 40프로가 넘던데..  한국당은 30프로 미만이고... 쟤네들이 어떻게 된 거야? 아님 여론조사 결과가 조작인거야?,1,0,0,0.06,1,1
575,575,허수아비 총리 주제에 무슨 ㅉㅉ 문재앙 비위 잘 맞춰서 오래 살아남은 게 자랑이냐? 유세는 ㅉ,1,0,0,0.57,1,1
576,576,맞습니다.....................이낙연 실력도 검증 받아야죠.......................총리만 하다가 그냥 대통령 하겠다는 그런 심뽀 따위에 국민이 속을 줄 아냐,0,0,0,2.33,0,0
577,577,낙켠아베 ㅉㅉㅉ토착왜구놈 ㅉㅉㅉ,0,0,0,0.19,0,0
578,578,이것도 당이냐 얘들이 착각하네 국민이 니들을 인정하지 않는데   낮짝들고 뭐하냐?  북한이 나라가 아닌것처럼  니들도 당이아냐  범죄자 집단  전과자 집합소 국민은 그렇게 불러  한마리도 남김없이  쓸어서 교도소도 아깝고  고사포로 세워놓고 돌리거나 소각장에 쓸어서넣어야  나라가 환기될것  얘들이 하는일 나라 붕괴시키는일   말고 뭘했나 퉤,0,0,0,0.01,0,0
579,579,좌파들의 내로남불에 질렸다.  누가 어디를 나와도 관심 없고 누가 무엇을 해도 싫다.. 알았는가!,2,0,0,35.26,2,2
580,580,ㅈㅣ지율만 오르던데ㅋㅋㅋ민주당 40%. 자한당 20%임박!,0,0,1,76.84,0,0
581,581,NO 민주당,2,0,0,15.84,2,2
582,582,"문재인도 대통령하는데, 이낙연도 대통령 할수 있지 ㅎㅎㅎ 하지만 어쩌냐? 경제,안보,외교 모두 폭망인데, ㅋㅋㅋ",1,0,1,71.24,1,1
583,583,좌파들은 이낙베가 무슨 파급력이 있다고 보나? 낙베는 그냥 무색무취한 행정가형이다.. 정치 리더로는 맞지 않다..  그리고 조국일가 옹호하면서 호감도 많이 빠졌다,1,0,1,99.48,1,1
584,584,뭘 잘했다고 문통 비위에 잘 맞춰서 장수 한거지 무슨 능력 경제 외교 행정 국방 저대로 돌아가는 것이 없는데,2,0,0,1.36,2,2
585,585,ㅈㅍ ㅉㄱ ㄱㄴㄷ.,0,0,0,48.84,0,0
586,586,"리얼미티 아니 조작미터에서 사케당 지지도 겁나게 올랐다는 데,,,,뭐가 다급하지????",0,0,0,1.92,0,0
587,587,여론조사 조작해서 급했지... 조국일가 비리는 정황이나 증거나 증거인멸 시도등을 보면 다 아는데 조국 두둔하는 멍청이들은 더대체 누군지...,0,0,1,52.53,0,0
588,588,"또 이녕전쟁 국론분열 불안한 경제, 외교, 안보, 교육을 또 또 또 경험하라고?미쳐돌아가는 세상을?",0,0,0,31.22,0,0
589,589,전남 교육감 10.26사태를 탕탕절이라 페이스북 올림.저기서 도지사.국회의원한 저넘을 어이 믿나?,2,0,0,2.25,2,2
590,590,노무현정권때 열린우리당 뽑고 그렇게  후회했는데..세월호랑 최순실 땜시  문제인 뽑은 지금 내가 거짓에선동되어  문제인을  뽑았다는것에 개돼지가 된거 같아  내자신이 이제는 한심 스럽다 진심 ..,16,0,0,0.09,16,16
591,591,"ㅋㅋㅋㅋㅋㅋ 이낙연이 문똥 졸개가 선대위원장 좋다,,,문똥 졸개야,,,너도 경제폭망,외교폭망,안보폭망,물가폭등,탈원전등으로 서민들 죽인 죗값 받아야 한다,,그리고 좃국 사태로 상식,정의 공정 씹어먹은 죗값도 국민들이 처단한다,,",2,0,0,1.55,2,2
592,592,세번의 좌파 경험으로 끝났다 나라폭망 빨갱이 영원히 안녕이다,0,0,1,57.51,0,0
593,593,낙연이도 범죄자 조국 빨던 놈이지 뭐,0,0,0,1.17,0,0
594,594,ㅋㅋㅋ  선대위 맡으면~  당 이미지  좌파 이미지 개선되냐?   너희는  대부분의 국민들에게 이미 전술과 마음속을 다 보였어~너희 실체가  드러났다는 말이다~,1,0,1,99.63,1,1
595,595,민주당 내부에 술렁거림이란... 비문이 점차 움직이고 친문에서는 그나마 자기 역할 하는 이가 이낙연인데 이낙연으로 반일감정 종식시키고 다시 동맹이 될 수 있겠나? 우리 국민 자존심과 일본 국민 자존심을 서로 훼손시키지 않고 잘 성사시키면 모를까 힘들거라고 보는데... 차라리 조국사태와 반일감정을 극대화 시켜서 문재앙정권을 무너뜨리는게 더 빠를거 같다,3,0,1,56.31,3,3
596,596,자한당을 제목 잘못 쓴거 아냐?ㅋㅋ 자한당 급추락 하더라~ㅋㅋ,0,0,0,1.39,0,0
597,597,이낙연이 뭘 했다구? 무슨 능력이나 있나?,2,0,0,10.57,2,2
598,598,나견이는 기냥 라도 똥개라 쩝쩝이가 쩝쩝거리면 나도멍멍 나도멍멍 짖어요.,0,0,0,7.59,0,0
599,599,자위 바미 매국노 몇 마리가........매크로 돌리며 네이버에 똥을 뿌리고 있는데.......네이버 사장은 뭘 하시나 ?,0,0,0,0.22,0,0
600,600,정창래를  모셔와야 되는거아켜?,0,0,0,4.81,0,0
601,601,민주당 국회의원들 ㅋㅋㅋ  급하네 ㅋㅋㅋㅋㅋㅋㅋㅋㅋㅋㅋㅋㅋㅋㅋㅋㅋㅋㅋㅋㅋㅋㅋ,0,1,0,24.21,1,-1
602,602,좌빨당 무슨 걱정 확고한 후원사 리얼 과 갤럼이 존재 하면서 적당히 지지율 조정하고 있는데 망국 은 아무죄도 없는데  각하 분부 데로 대법원 판결이 남았는데 오ㅔㄴ 호들갑?박시장 말 같이 언론 탓탓탓 하지 덧 씨우기 하면 대겠네,0,0,0,0.73,0,0
603,603,친일파를 갖다 쓰려고,0,0,0,1.95,0,0
604,604,"이낙연 혼자 힘으로는 어림없다, 포진하고 있는 문빠들, 멍청하고 고집센 586은 어찌 할 것인데?이번 총선은 글렀다 생각하고 대선 준비나 하길,,,, 민노총등 노동개혁을 강하게 할 자가 대선의 승자가 될 것이다,경제를 살리는데 그 최전선은 노동개혁(노동 유연화와 탄력근로제와 주휴수당 폐지 및 해고용이등)과 규제혁파를 누가 잘 하느냐에 대선의 승패가 달라질 것이다., 민주당 이번 총선을 글렀다 생각하면 됨...",1,0,1,71.15,1,1
605,605,"연방제통일이란 요망스런포장을 뒤집어씌워, 국민들이, 실체파악헷갈리게, 미로연막작전으로, 자유대한민국 이나라를,  공산사회주의 북한체인점 만들려는, 종북주사파 이번정부팀들이 하는짓들을 충분히 보았으니, 종북주사파들은 이나라에서  손떼고,  너들의이상향 북한으로 다 꺼져버려라...",3,0,1,99.09,3,3
606,606,연미복 입고 일왕께 90도 절하는 모습 보니 든든합니다.. 토착왜구가 아니라 본토왜구 같더이다.. ㅎㅎ,2,0,0,14.35,2,2
607,607,덮어놓고 욕만하는 자한당 쓰레기들,0,2,0,6.67,2,-2
608,608,"ㅈ,.ㄹ하고 있네. 민주당 지지율 잘 오르고 있구만..ㅋㅋ",0,0,1,53.93,0,0
609,609,그놈이 그놈이지 똑같은 놈이여.,0,0,0,49.07,0,0
610,610,꿈깨라. 전라도 국회의원들 몇 명 모이겠지. 총리로서 무엇을 했다고 총체적으로 불실한데. 나라가 조국을 기점으로 문죄인 정부는 이미 끝났다. 줄줄이 교도소 가는 날짜만 남았다.,0,0,1,90.89,0,0
611,611,이낙연은 총리 더 하기 싫을 건데ㅋㅋㅋ 맨날 국회의원들한테 받는 거 없이 욕 먹고ㅋㅋㅋ 자기도 맘 편하게 선출직 하면서 대장짓하고 싶을걸,0,0,0,8.69,0,0
612,612,"이제 재앙이는 가고 낙연이 시대가 열리나?  낙연이 이번에 이본가서 일왕즉위식 참석하고 아베 만나 회담했는데 왜 좌빨대깨문들이 이베,왜구라 안하네?  그래서 네놈들이 틀렸다는거다. 잣대는 같아야지?  이베!  이베! 이베! 이베!  이베!  이베!",3,0,0,0.07,3,3
613,613,니들이  망할각인걸 니들만 모르는거같어,2,0,0,44.88,2,2
614,614,토착왜구들이 뽑은늠 중에 깜방 안간늠이 없고 쿠테타 안한늠이 없네 ㅋㅋㅋㅋ 그래도 지들이 잘났단다. 누구 고생시키려고 사대강 썪은 낙동강물이나 쳐먹고 IMF 국가부도나 안하면 다행이것지 ㅋㅋ,0,1,1,88.24,1,-1
615,615,아직도 정신 없네,1,0,0,8.4,1,1
616,616,한국당 선대위원장은 역시 박근혜~~,2,1,1,65.17,3,1
617,617,나베를 뽑던가 나라 두번 말아먹으려면,0,0,0,6.17,0,0
618,618,이낙연 아드님도 조국 따님과 같은 절차를 밟아 의전원 정신과 교수님되지 않으셨나요?,8,1,0,6.13,9,7
619,619,자위 바미 매국노 몇마리가 .......이버에 매크로 돌리며 똥칠하고 있네요.,0,0,0,0.03,0,0
620,620,내인생에 8갱이당은 없다,2,0,1,95.86,2,2
621,621,오늘도 지지율 올랐던데 뭐가 급하다는거냐? 니들도 조작인거 알고있지? ㅋ,1,0,0,1.13,1,1
622,622,대가리 덜 깨졌구나,2,0,0,2.78,2,2
623,623,해골찬이나 낙마연이나 뭐가 달라? 니들이 좋다고 잣국이 앞세워 지금까지 친문 캠코더 놀이 한 덕에 사람이 없느건데 그 밥에 그 나물 백날 돌려막기 해봐라 사람이 모이나.,1,0,0,21.35,1,1
624,624,더불어사기조작당 급하긴 급하나 보내,0,1,0,4.83,1,-1
625,625,2년동안 지독하게 당했는데 다음 총선에서 문주당 또 뽑는 흑우 없제???,19,3,1,76.08,22,16
626,626,들어와도 이미 틀렸어 돌아섰다,5,1,0,16.56,6,4
627,627,자한당은 최순실이 선대위윈장?,0,2,0,23.1,2,-2
628,628,민주당은 절대로 찍지 않을 것임,19,2,0,18.16,21,17
629,629,이낙연가지고 한국당 못이긴다. 민심 돌아섰다.문재인이 박근혜보다도 휠 못하다는게 민심이다.,43,5,1,71.24,48,38
630,630,차기 대통령 후보지만민주당  후보로  나오면차라리 허경영   뽑을란다~~~~^^,3,0,0,8.29,3,3
631,631,나경원을 일본행사참석한걸로 나베라 하던데 이번 이낙연은 일본식정장 차려입고 일왕행사갔으니 이낙연도 같은거네.,12,1,0,11.24,13,11
632,632,민주당 아무리 발버둥쳐봐야  이제 끝났어  여태까지 한 행태들   조로남불  내로남불  상식을 넘어선 행동들 표바라지마,5,0,0,29.05,5,5
633,633,ㅋㅋ누구할애비가 와도 조국은 못이긴다.,0,0,1,95.33,0,0
634,634,에잇 중앙이네~중앙에서 바라나 보다~뭔 의도인가?  쯧~ 혹시 찌라시같은데서 보고 여론이라 호도하고 있는건가? 조중동 아웃~,1,1,0,0.5,2,0
635,635,다시는 민주당 안뽑는다,4,0,0,17.11,4,4
636,636,똥파리가 엄청생기겠군,0,0,0,49.66,0,0
637,637,더불당이이제조금정신차리나?이십년장기집권?,0,0,0,49.9,0,0
638,638,"그렇게 급하며 임마, 삽질하는 박시장부터 날려야지 안티생성만 열일하더만",0,0,0,2.3,0,0
639,639,분명 다음대선도 저런 것들한테 표주는 사람 있다 ㅋㅋㅋ 대가리 덜 깨지고,2,0,0,36.6,2,2
640,640,그래서 이낙연이 뭘했는데 조국이 감싼거부터 이미 대통령감은 아님,2,1,0,19.05,3,1
641,641,OOO들이나 모이겠지! ㅋㅋㅋ 이 새끼가 조국 임명제청한 주범이잖아!,1,0,0,24.71,1,1
642,642,이낙연 할배가 와도???,1,0,0,29.36,1,1
643,643,국민을 둘로 나눈 정권  지금 민주당은  한심한 정권이다,4,1,0,16.62,5,3
644,644,종양일보 제목 꼬라지 봐라! 민주당은 급할꺼 없거덩~~,0,7,0,1.15,7,-7
645,645,여당 정신차려라,2,0,0,3.08,2,2
646,646,민주당만 앞에 붙이면 가정주부가 출마해도 당선 되는 마당인데 ㅋㅋㅋ,1,0,1,50.59,1,1
647,647,능력 있고 썩은 놈이 능력 없고 썩은 놈보다 낫다는 사실이 요 몇달 사이에 여실히 증명되고 있음.,2,0,0,9.1,2,2
648,648,조국이 때문에 내년 총선에서 폭망할거로 예상됨 100석 미만으로 예측됨 좌파들의 위선이 이번에 조국때문에 다 드러남 난 차떼기당 지지자 아님,1,1,1,99.96,2,0
649,649,민주당에 빗자루 꼽아놓아도 재집권 가능하오. 한국당은 물건너 갔다오. 내분의 불길이 아직 꺼지지 않아 그렇다오. 황장수 허형준 같은 이들을 등용해 쓸줄모르는당 그들눈엔 황교안 김무성 홍준표김문수 밖에 없을터이니 말이외다. 민주당 실정했지만 한국당같은 귀족정당은 진즉에 망해야 옳소.이다.,0,1,1,99.83,1,-1
650,650,호남전라도  출신   한계가있지  ㆍㆍ해봐라 김대중도 참힘들게정치했다국민마음잡는게그리날로 먹는게아니다,0,0,0,0.7,0,0
651,651,지랄하네. 니들 맨날 문프 라인에 빨대꼽고 단물만 빨아쳐먹냐?  그리고 대통령 시켜놓고 나몰라라 하면서 뒤에선 이재명 치켜세우고. 야비한 민주당. 니들 딱 지금처럼만 하면 중도표 썰물처럼 빠져나간다. 정신차리고 일해. 이재명 서명 그만 받고. 이재명 앞에 내세우는 순간 민주당 야당 된다. 알고나 있어,0,0,1,98.78,0,0
652,652,종양일보  폐지해라,0,1,0,8.68,1,-1
653,653,이낙연은 완전 꽃놀이패다. 욕이야 째앙이랑 쪼국이가 다 먹고 ㅋㅋㅋ이미지 관리하면서 실속만 챙기면 되는데 지금 움직이면 안돼지!!!!!!!!이미 판이 거시기하게 돌아가는데!!!!!!!!! 당이 제일 어려울때 당대표 맡고 세력키우면 된다.계속 총리해라 욕은 계속 째앙이랑 쪼국이가 먹을테니깐 ㅋㅋㅋ,0,0,1,99.76,0,0
654,654,왜구언론 중앙.. !!  왜구간첩당이 다급하지..^^,0,2,1,66.04,2,-2
655,655,"조국 및 정경심을 적극적으로 추천한다.ㅋㅋㅋ. 그리고 편가르기 전문가 문재인, 유시민도...ㅋㅋㅋ",0,0,1,95.66,0,0
656,656,반일 운동 중인데 일본 총리를 만나고 일왕접견??????,0,0,1,87.32,0,0
657,657,하 빨리 선거했음 좋겟다 ㅡㅡ 민주당새기들 얼마나되나 궁금하네 무슨일있어도 이젠 두번다신 민주당 안찍는다 ㅅㅂ,1,2,0,0.36,3,-1
658,658,내로남불의 중심에 있었는데?  희망은 희망 일뿐. 전 국민이 좌빨리즘의 속성을 이미 파악 다 했음. 당원만 잘 먹고 나머지는 개 돼지 피래미 취급 당한다는것을~,1,1,1,72.73,2,0
659,659,좌빨들 자화자찬은 하여간에~,2,0,1,79.55,2,2
660,660,뭐가 다급해? 민주당을 지지하고 응원한다! 조중동 니들뉴스는 무조건 안믿어~~~~,1,2,1,84.98,3,-1
661,661,이번 사퇴를 보면 더민주 당안에서도 일부 불출마까지 나오는거 보면 거기에 이총리가 당대표후보까지 오르는거 보면...그만큼 더민주안에서도 이해찬대표로는 내년 선거가 힘들다고 보는 시선인거지....그만큼 일부 당안에서도 알고 있지만 그게 수면위로 올라 오지않아서그렇지...,1,0,0,15.89,1,1
662,662,할만한 것이 없으니까. 그냥 쓰는거지.,0,0,0,30.47,0,0
663,663,조국사퇴로 선생도 아웃,3,0,0,23.51,3,3
664,664,"이낙연 아들도 조국 딸처럼 고려대-부산대 의전원- 타고 현재 의사중인데, 특검해라",4,0,1,91.72,4,4
665,665,ㅋㅋ 너네 전멸 당할거 뻔히 알잖아~7시빼고 열심히 해봐 ㅋㅋ,2,0,1,81.39,2,2
666,666,좝뽤들  인재가없으니  개낙연  선대위? 하긴 홍어 색휘들 실체가 드러나니. 전부 빨갱이사상  우리국민들은 사회주의가 싫어욧?하니 안그런사람 앃고봐도없지.DNA혈통이 전부 빨갱이.이들은 할말없으면 찾는게 토착왜구팔이.으쨔스까이?일본본토발음에  친일족 최다보유국인것들 그이름  북괴국 평양시  전라군 광주리 좀비들.,1,1,1,89.2,2,0
667,667,이간질하려고 안달났네?,0,0,0,3.34,0,0
668,668,국민들 여론은 완전무시하고 국민들위에 군림하더니  선거철이되니 급해졌네염~~~~~흐미!    니기미,2,0,1,99.09,2,2
669,669,목소리 졸린 토착왜구 낙베~,0,0,0,3.79,0,0
670,670,손씨같은  능구렁이  같아서  그닥,0,0,0,6.3,0,0
671,671,"경제를 잘 알면서 대야(對野) 관계가 원만하고, 검증된 정치인을 후임자 방향으로 잡고 있다고 한다. 구체적인 후보군으론 김진표ㆍ원혜영 의원, 혹은 김현미(국토부)ㆍ유은혜(교육부) 장관 등이 꼽힌다. 기레기 장난침, 김현미 유은혜 ? 꼴값을 떨어라. 진짜",0,0,1,96.14,0,0
672,672,그냥 이낙선 총리 출마해라  그리고 쩡똥영받은표 기억하고 ~ 아니 내세울인간이 따블당엔 그리없냐?  맨날돌려막기 그넘이 그넘  문팔개  이해골 이낙선까지  이낙선은 그냥 총리졸업하고 라도가서 의원이나해라  꼴에 꿈꾸지말고,0,0,0,0.08,0,0
673,673,똑같은 당에 똑같은 경제 폭망 정책이지 뭘 바래?ㅋㅋㅋ,0,0,0,17.07,0,0
674,674,그만큼 총리감이 없다는거,0,0,1,72.81,0,0
675,675,이낙연 들어가면틀려질것 같아~!  민주당 아웃!!!!,1,1,0,37.59,2,0
676,676,빨갱이 혁명과업 자화자찬?,4,1,0,14.24,5,3
677,677,총리가  정치하네  도대체  뭔  개뼉따구같은 짓거리냐,0,0,0,0.33,0,0
678,678,현미쌀을 빼라!!!!!!! 건설경기 다 죽인다!!!!!!,0,0,1,96.54,0,0
679,679,이 동네에선 인물보고 뽑는게 아니고 번호보고 뽑는 당이라서..ㅋㅋㅋ..뭐가 나오든 상관 없이 번호만 기억하는 동네,2,0,1,57.19,2,2
680,680,"조국 위선자로 오래동안 나라가 어지러우니 이낙연 총리로 민주당 살아남아보려 하구나.. 안 될걸..민주당은 조국당으로 망했다 공정x, 정의x, 균등x 아직도 정신 못 차린 타락한 운동권당.. 경제 안보 외교  모두 엉망 만든 문재인 정부는 속히 퇴진했으면 좋겠다",5,0,0,0.05,5,5
681,681,자긋지긋하다. 이놈의 좌빨 빨갱이정부. 국민은 죽어나는데 북한에 미쳐서 세금갖다바치려고 혈안이 된 미친정부!,4,1,0,1.91,5,3
682,682,다급해진 건 자한당 국개들일텐데 ㅋ 각종 개혁 입법 다 막고 기득권 지키기에 혈안이 돼있는데 뭐가 되겠냐구 ㅋ 민주당 표창원ㆍ이철희 본 받어라 ᆢ지긋지긋한 범죄집단 자한당 ㅡ 개자당,1,3,0,1.36,4,-2
683,683,낙베는 토착왜구가 아닙니다. 이낙베는 원조좌빨홍어왜구입니다.,2,2,1,95.47,4,0
684,684,그래서 선거실패하면 이낙연 버리게?,0,0,0,2.41,0,0
685,685,"전라도 출신 김대중,노무현과 그들이 추종하는 문재인에 질려 더 이상 호남출신은 NO. 이 땅에 종북좌파 척결해야합니다.",4,0,0,34.55,4,4
686,686,"이정부,이런분들 소속어디인가?..,  지난청문회때대한민국건국일이, 언제냐고 묻는데, 그쉬운 대답 한마디 못하고,  뚱딴지같이 상해임시정부 타령만 하던데,  앞으로는 자유대한민국체제수호, 애국의정체성이 없는 작자들은,  절대, 중앙정부, 공무원,에 들여서는 안된다.  이것을  묵과하면 자유대한민국은,   공산사회주의 북한체인점이될것이다..!!!",1,0,1,94.93,1,1
687,687,여당은 총리 부르지 말고 자체적으로 해결해라! 그것도 못 하나? 총리는 하던 일들 마저 해야지.,0,0,1,86.09,0,0
688,688,김현미 유은혜 총리후보로 올리면 바로 레임덕이지 ㅋㅋ 민주당 망하라는 기자 희망사항 아니냐?,0,0,0,31.63,0,0
689,689,능구렁이 ~ 뭘해도  이미 끝났어 ~ 뭘해도 폭망 !!!!,0,0,0,4.27,0,0
690,690,국정을..흔들고....국민을..분열시키고...아니면 말고.....의도적....악의적 ...왜곡뉴스......친일매국의..뿌리...조.중.동..을 없애버립시다!~~,0,0,0,0.54,0,0
691,691,좌파는 다신 안뽑음!! 동대표도 좌파면 거른다,1,3,0,11.08,4,-2
692,692,대통령이 잘못하고있스면 의원들이 제동을걸어야지  맞장구쳐주다가  급하니깐 총리한테  손내밀고있네,2,0,0,7.99,2,2
693,693,이해찬이 막말로 말아먹고 똥치우라는거냐? 반성해라,1,0,0,3.42,1,1
694,694,반일프레임 총선때까지 가지고가야 유리하다며? 민주당연구소에서 논문 썼자나... 근데 아베랑 친근하네...야 입만열면 거짓말아,1,0,0,3.3,1,1
695,695,벌써부터 이나견 띄우기...냄새나는 문쩝쩝 정권..,1,0,0,35.25,1,1
696,696,다급해진 민주당?  니가 어떻게 아냐. 물어는 보고 제목 뽑았니? 제목 장사는 아니고?,0,0,0,22.72,0,0
697,697,"글쎄다, 내보기엔 그 밥에 그 나물.",1,0,0,5.02,1,1
698,698,최악의  대통령및에  총리하믄. 머하겠나당은. 쓰레기당. 다됬다  떠불당망할당해체해라,0,0,0,5.61,0,0
699,699,아니면 말고 뉴스....무책임 뉴스....친일매국의..뿌리...조.중.동 을...없애버립시다~~~,1,0,0,1.64,1,1
700,700,뭐 한거 없이 시간만 보냈구려,0,0,0,4.83,0,0
701,701,돌아가지마세요. 지들 급하니까 총리 앞세워 숨으려는거지 상황 바뀌면 밟고 갈겁니다.  편안하고 명예로운 노후 보내시길,1,0,0,12.11,1,1
702,702,이낙지  이세기도 맛갔다,4,0,0,44.19,4,4
703,703,"안희정, 김경수, 이재명, 박원순, 조국, 유시민,...  이제는 이낙연. 적어놓고 보니 죄다 위선자들. 다 척척척. 이제는 노통까지 의심스러울뿐.",2,0,0,2.51,2,2
704,704,이낙연 할아버지가 와도 너희들은 망했다.,1,0,1,96.27,1,1
705,705,일잘하고 있다며? 그럼 잘하는일 하게 냅둬라.  잘하고있는사람 빼가서 이도저도 아니게 만들라고 그러냐?,0,0,0,6.17,0,0
706,706,"낙베야, 천황한테 충성 맹세 잘하고 왔어? ㅋㅋㅋㅋㅋ",0,0,1,93.8,0,0
707,707,'레드벨벳 빨간맛' 좋아하는 어르신들 많네?ㅋㅋ,0,0,1,98.92,0,0
708,708,말하는거보면 정상생활도 불가능해보이는인간을 빨아대는 민주당 수준,0,0,0,9.99,0,0
709,709,조국 같은넘을 드리민 민주당과 문통 고집불통으로 나라 꼬라지 맛갔다..,3,0,0,49.93,3,3
710,710,죠국이 귀걸이 이번에 잘봤어 ㅋㅋㅋ,0,0,1,95.09,0,0
711,711,국민분열  뉴스 ..왜곡뉴스...선동뉴스...친일매국의..뿌리... ..조.중.동.을...없애버립시다,0,2,0,0.03,2,-2
712,712,뭐가 다급하지 쩝쩝이와 민좃당 지지율이 자고나면  쭉쭉 올라가는데 그것도 진실만을 말하는 리얼미터에서,2,0,1,95.29,2,2
713,713,다급해진 무슨   언론이 다급하건 아니고,0,0,0,9.48,0,0
714,714,박근혜 보고 수첩공주라고 그렇게 욕하더니 이낙연은 깨알수첩이라고 칭송하네 ㅋ 좌파들이 항상 이래...내편이면 무조건 ㅋㅋ,2,0,1,55.58,2,2
715,715,우리 낙베 아들이 공부 열심히 해서 대학간건 맞는가?????,1,0,0,18.99,1,1
716,716,창틀 유튜버가 강용석이 극찬한 이낙연? 창틀유튜버는 자칭우파 타칭 낙연빠 같드만..오늘 아침방송에서도 낙연이 찬양하느라 애쓰던데,0,0,0,12.78,0,0
717,717,"거기에 김진표가 왜 끼여들어. 내년 총선 대비하고 후반기 안정적인 집권을 할 수 있는 참신한 차세대 리더들을 데려와 후계구도를 갖추어 주어야 한다. 영남권의 진보적인 인사가 좋겠는데, 김경수는 드루킹에서 완전하지 못하고, 국민들이 잔뜩 의심하고 있는 상태다. 조국은 부인이 그렇지 않았다면 참 좋은 총리감이었는데 아타깝다. 대통령 입장에서는 현총리를 유임시키는 것이 가장 무난하다.  386세대는 2선으로 퇴진시켜야 한다. 즉 60대는 다음 총선에서 공천을 하면 안된다.",0,0,1,97.52,0,0
718,718,솔직히 좌빨 전라도넘은 아니다.,0,0,0,10.47,0,0
719,719,부동산투기정권은 다음 총선에서 사라진다 영원히!!~~,0,0,1,54.62,0,0
720,720,조국사태때 볼거 알거 다 경험했다.,1,0,1,69.32,1,1
721,721,민주국가에서 이족속들 정권잡게 한것도 우리 국민들이잖아. 우리 모두 반성해야지. 이차피 정치후진국 듣게 만든 바에는 또한번 실망하는 한이 있어도 차악이지만 대안이 없으니 이번엔 한나라당 찍어서 민주 이족속들 전부 어디까지 썪어 문드러 졌는지 한번은 파헤쳐봐야 속병안걸리겠다. 국민 여러분 알아서들 하세요 민주국가니까. 전 제식대로 합니다.,8,0,0,42.3,8,8
722,722,일반국민들은 검찰이  무서운지 얼마나 센지모른다   범법자들이 무서워 한다     일반서민국민들은 경찰이 가까이   있다   경찰기강은 검찰이세우고 있다고 볼수있죠 정치권 맑아지면된다  집권후 한탕하려는 보좌관들 단속 이  시급하다,1,1,1,99.63,2,0
723,723,ㅋㅋㅋㅋㄱㅋ 민좉당 애들아 침몰하는 배부여잡지말고 빨리 내리랄때 각자생존해라ㅋㅋㅋ 니넨 내년에 싹다 모가지야ㅋㅋㄱㄱ 아님 지금이라도 주소를 즌라도깽깽이로 옮겨서 절대 즌라도 밖으로 안나오면 굶어 죽게는해줄게ㅋㅋㅋ,0,0,0,3.36,0,0
724,724,그래 이낙연이 나오고 조구기 총리 시켜줘....요즘 조구기 얼굴 않보니 마니 그립네,1,0,0,47.68,1,1
725,725,이제 아무것도 하지말고 그냥 냅두세요 그냥 다들 국이형님 큰형님 손잡고 인민의 낙원 윗쪽나라가서 개혁도 하고 공수처도 만들면서 행복하게 오래오래 잘사세요 우리 다시는 보지맙시다 ^^,4,0,1,99.96,4,4
726,726,언론이 이바구가 젤 심해 그냥 아주 정치를 다 해드셔,1,0,1,52.15,1,1
727,727,민주당 50석 미만 보이네.,3,0,1,51.68,3,3
728,728,조국 사퇴후에 선거는 다가 오고 지지층은  빼지고있고 한마디로 당내에서 위기가 오고 있다는 조짐이지...,3,0,1,87.05,3,3
729,729,신경끄셔~,0,0,0,8.01,0,0
730,730,지네 밥그릇은 일하고 챙겨야지 무슨 총리한테 기댈려고 지랄들이여 냅둬라 대통렁도 총리도 나랏일 좀 하게,0,0,1,70.38,0,0
731,731,직선제 때려치고 간선제가자 이 개돼지 국민들한테 투표는 사치다,2,1,0,26.62,3,1
732,732,지금 국무총리직 잘 수행하고 있는데 무슨 선대위냐,1,0,0,9.24,1,1
733,733,네이년은 베충이 댓글부대 제대로 점령한 듯 하네,1,1,0,5.06,2,0
734,734,중앙이 다급해졌네ㅋㅋ,1,0,1,67.3,1,1
735,735,돌아돌아 도로전라도당,2,0,0,31.7,2,2
736,736,나라 말아 먹을 일 있냐..허허 하다가,0,0,1,65.91,0,0
737,737,"저분도 낼모레면 70이다. 여태 잘한거 그냥 잘 보내드리고, 새롭게 시작하자.",0,0,1,99.11,0,0
738,738,그나물에 그밥이다,2,0,1,52.36,2,2
739,739,이해찬을 대통령으로 하자~~문재인보다는 나을듯~~~그래야 20년 장기집권하지~~ㅋ ㅋ,1,0,0,8.95,1,1
740,740,토착왜구 낙베 ㅋㅋㅋㅋㅋ,0,1,0,33.71,1,-1
741,741,"881일 국민에겐 8810일 같았다. 세상에 없을, 없어야 될 종북주사,홍어 콜라보레이션..",1,1,1,55.79,2,0
742,742,"문재인 주변엔 간신만 바글바글...문재인이 실행한 모든 정책이 실패했는데도 바른 소리하는 넘이ㅠ하나없냐? 오직하면 최장수 총리가 나오냐? 이낙연 이해찬 조국 이넘들이 문재인 딸랑이 서열 1,2,3위간신배들...",0,1,0,44.64,1,-1
743,743,전라도 이낙연 먹버하려는 경상 좌파의 전략전술 ㅋ,0,0,0,2.51,0,0
744,744,대중 선상님 외치면서 똥꼬 열라 빨던 이낙연이 아니여ㅋㅋ,0,0,0,2.45,0,0
745,745,이낙연은 그래도 합리적인  사람인 줄 알았는데  별 볼 일 없더라  그냥 전라도 그 자체임,2,0,0,0.86,2,2
746,746,그나물에 그밥이지!!  민주당하는꼬라지하고!!  저분이랑 뭐가 달라!  지난번 국감때 보니 조구기 옹호하느냐고 둘러대기식 거짓말잘도하더만!!  우리 국민들 신뢰잃음!!,2,0,0,0.87,2,2
747,747,이낙연인가?이낙옆인가?그 쓰레기 필요 없어 제 2의 문재인이다 정은이한테 손발이 다 닳토록 빌놈이다~괴새끼,4,0,0,0.19,4,4
748,748,중앙일보 이 모지리들아.무슨 다급을 말하니...   비싼 밥 처묵고 할 일 없는 넘들.  쓰레기들아.,0,0,0,2.49,0,0
749,749,좌편향 공산당 문재인이나  이낙연이나~~그똥물에 그똥이다~~,2,0,0,1.35,2,2
750,750,다급해진 조중동,0,0,0,48.34,0,0
751,751,차기 국무총리 이해찬을 추천!,0,0,1,84.91,0,0
752,752,심부름꾼 홍어가 선대위원장이라ㅋ,1,0,1,69.96,1,1
753,753,빨~ 갱이 개~ 종자들 애쓴다~ ㅋ,1,0,0,6.02,1,1
754,754,차기에 김현미랑 유은혜에서 기가 찬다...하하하하,1,0,0,20.07,1,1
755,755,"프레임 씌우는거 정치 공작이다.경제,안보 아작 나는 국무총리가 유능하냐?",0,0,0,26.14,0,0
756,756,꿔다놓은  보리자루  아니었던가?,0,0,0,10.36,0,0
757,757,제목 쓰는거 보면 무슨 신문인지 알겠네  쯧,0,0,0,3.08,0,0
758,758,"이게 친일파들의 속셈이냐? 노림수냐?  국정흔들기?? 잘하고 있는 총리를 개각이라는 헛소리에 짜르려고?  총리는 임기가 없으니 앞으로 2년 더하다가 대선으로 갈아탈꺼니까  걱정들 붙들어메고,  긴장들 타거라...  언론기레기 청소들어간다",0,0,0,3.32,0,0
759,759,장수총리면 뭐가 대단한거지요? 눈치를 잘본건가? 아님 대통령이  해임할 정신이 없었던것 같은데...?,1,2,0,32.16,3,-1
760,760,중앙일보 홍석현 아 이제 남은 카드는 이낙연 푼이지? 조국 문재인  홍석현  김경수 국가반란의 주역들아 이낙연이  좀 있으면 무너지고 검찰 칼날이  북한동조세력  중심부로 향할거다 너희들잉저질른 조작 거짓 국가반란  여적죄가 숨겨 질것 같나?  하늘이 있다 천벌 달게 받아 국민 여러분 눈물로 호소 합니다 더 늦기전에 이낙연 김경수 조국 문재인 에게 속지 마십시요,1,1,1,95.83,2,0
761,761,제발 이낙연 총리가 나서야 한다 ㅡㅡㅡ문재인 시대 종식이 시급하다 ㅡㅡㅡ이 총리가 자기정치  할때ㅡ 문재인은 끝장 레임덕이다 ㅡㅡㅡ환영 ㅡ이낙연 총리니므ㅡ,1,1,0,0.04,2,0
762,762,이제는 안되겠다 싶으니 이낙연 띄우기로 방향전환 하는거냐? ㅋㅋ,2,1,0,17.36,3,1
763,763,전자개표기 조작을 어떻게 티안나게 할것인가 모의하겠지ㅋㅋㅋㅋㅋㅋㅋㅋㅋㅋㅋ,0,0,0,2.3,0,0
764,764,지지율 10% 차이인데 무슨다급 ?? 좃중앙피셜 ㅋ,0,0,0,4.22,0,0
765,765,리얼미터나 갤럽 조사에 의하면 더불어조국당의 지지율이 훨씬 높던데 웬 걱정 ㅋㅋㅋ?,0,0,0,27.75,0,0
766,766,극우친박. 극좌 종북 ..진절머리납니다정말 이젠 중도 정권 자리잡아야합니다..서민.복지. 외교.안보..실용적 정치로 나아갑시다언제까지 이념. 대의 외치며 위선떠는 정치인 봐 줄껍니까?? 중도 정치인들..서로 정치적 신념을 조금씩 달라도 국민들 위해  뭉쳐주십시요!!!   정말 패거리 이익이아닌 국민과 후손을 생각해주십요!!!,0,0,1,99.94,0,0
767,767,제발 하지마라 똥물이튀어서 똥물이된다민주당도 더러워서 더이상 지지를못해주겠네,0,0,0,0.51,0,0
768,768,경기 북부를 무시하는 민주당은 이번 선거에서 힘들거다.,1,0,0,13.03,1,1
769,769,유시민 있잖아..멀리서 찾지마시고..,1,0,0,6.91,1,1
770,770,좌좀들아 조국이 대통령 감이라며 ㅋㅋㅋ 이낙연보다 조국 밀어주는거 아니었냐 ㅋㅋㅋㅋㅋㅋㅋㅋ,0,0,1,89.01,0,0
771,771,총리를 본인들 총선승리하려고 ...에그...난 그냥 총리할것임....ㅡㅡ,0,0,0,3.18,0,0
772,772,지겹다,0,0,0,4.11,0,0
773,773,문재인 지지율이 45% 넘었다며? 뭘 걱정해?,5,0,0,10.79,5,5
774,774,일단 이해찬부터 처리해봐,0,0,1,78.47,0,0
775,775,조국 딸내미랑 그짝 딸내미랑 같은 의전원 출신이라면서요??????????,1,0,1,89.9,1,1
776,776,이영감태기도 아님. 전형적인 기회주의자.,2,0,0,15.04,2,2
777,777,이낙연~~나락의 끝이 너희 총리재임 기간보다 몇백배 길것이다!!!,0,0,1,99.46,0,0
778,778,뭐가 그리 다급해졌길래..잘 나갈때 조심허지..,0,0,1,50.25,0,0
779,779,민주당에서 이제 슬슬 이낙연 띄우기 시작하네 에 이 또 얼마나 거짓말을 해 될까,3,0,0,5.22,3,3
780,780,엌ㅋㅋㅋ 이 OOO들은 페미코인 탈때부터 호구잡히더니 이젠 완전히 손놯넼ㅋㅋㅋㅋ 역시 암캐 들이 날뛰면 되는게 없다,0,0,0,4.67,0,0
781,781,낙베,0,0,0,48.34,0,0
782,782,역시 정치뉴스엔 50대 아재들의 댓글이 가장 많다,0,1,1,70.61,1,-1
783,783,불매운동 참여 안 하면 한국인이 아니라고?  니들이 유대인이 차린 가게가면 매국노라고 비난했던 1930년대 나치독일 정치깡패들이랑 뭐가다르냐 ㅋㅋㅋㅋㅋㅋ 조선놈 새끼들은 교육에다 그렇게 돈 쳐발라놓고 교훈 얻은건 하나도없어?,2,0,0,4.39,2,2
784,784,일본갔다왔다고 느그 편인줄아나  오바좀  하지마라. 계엄문건이나 팩트체크해라 신문들아,0,1,1,58.71,1,-1
785,785,전라도 결집시키려는 수작,1,0,1,95.8,1,1
786,786,총리? 문재인 꼬붕한테 기대를 걸다니 더불어공산당도 참안쓰럽다..,0,0,0,1.42,0,0
787,787,조중동 기레기들이  또...   찌라시를 뿌려대는구나..  민주당이 다급?    니들이 지지하는 왜구당  걱정이나 해라.,0,3,0,7.33,3,-3
788,788,민주당이 정권을 절대 잡으면 안된다. 프레임자체가 친북 및 좌파성향이여서 국가발전을 절대할수없다.. 좌파는 자유 민주주의의 양념과 비슷하다고봄.. 양념이 주요리가 될수는 없지 않은가??,2,0,0,17.86,2,2
789,789,별건 아닌데 민주당 이개호래 ㅋㅋㅋ 기자의 진심을 봤다,0,0,0,10.28,0,0
790,790,목소리 극혐,0,0,0,2.82,0,0
791,791,4월달에 대행권한 맡는거 미리축하드릴게요,0,0,1,50.83,0,0
792,792,왜 리얼미터가 40프로라면서 ㅋㅋㅋㅋ,1,0,0,12.57,1,1
793,793,총리면총리다워야지여당편에  거짓발언하는자가  총리냐?,1,1,0,5.0,2,0
794,794,니뽄 한번 갔다 오더니.너무 띄운다...그렇게 대단한 니뽄 단교할.기세더니 ㅋㅋㅋㅋ.아.일이다...ㅍㅎㅎㅎㄹㄹㄹㄹㄹㄹ,1,0,0,0.47,1,1
795,795,일단 덜덜이 아자씨 빠져야..ㅎ,0,0,1,97.77,0,0
796,796,"개 똥같은 소리,  벌써 해는 기울었어",3,0,0,3.42,3,3
797,797,낙연이는 그저 폼만 잡고있지 실제로는 빈 껍데기 일뿐~,0,0,0,4.71,0,0
798,798,멍청이들 자기들 유리할때 기반을 더 단단하게 해도 모자랄 시간에 조국 쉴드 쳐주느라고 지지율 다빠지고 난 후에야 허둥대는 모습이 참 한심하다,0,0,0,0.58,0,0
799,799,니들이 나베로 몰아간자들 아냐? 일베는 느그딜이네,0,0,1,78.79,0,0
800,800,문재인아 쇼쇼쇼 해서 이낙연이 일본 아베만나고와서 또 국민사기극으로 정권 재집권 하고 싶지? 이젠 너한테 안속는다 빨갱이들은  예나 지금이나 선전선동조작이  특징이다,3,0,0,0.0,3,3
801,801,후임총리가없어서안될걸.가라안고있는문재인호의총리를누가하려고하겠어.패가망신하지않으려면.,1,0,0,24.02,1,1
802,802,요즘 중앙일보 보면 애처롭다 ㅋㅋㅋ,0,0,1,78.09,0,0
803,803,더불어공산당이 토착왜구 나견이를 왜 빨고 자빠졌냐? 죽창으로 찔러버리지?,1,1,0,0.69,2,0
804,804,민주당으로 돌아가는 순간...끝...,2,1,0,26.98,3,1
805,805,"ㅋㅋㅋ 유은혜가 총리 후보란다, 야들 미친거 아이가",3,0,0,29.87,3,3
806,806,다급해지긴 했나보군.표창원 이철희같은 분들이 진정한 진보이고 나머지는 진보가아니 좌빨,2,1,0,29.98,3,1
807,807,우린 개 돼지입니다. 그러나 주사파 좌빨 민주당은 다시는 지지하지 않을것입니다.개 돼지는 한번만으로 충분합니다.,21,1,0,29.56,22,20
808,808,해골바가지로는안되니까이젠 홍 ㅇ. 승부수쓰는군이미썩어서 냄새가진동하는 홍  ㅇ. 로국민들입맛을사로잡을까쓰래기통속으로버려질 상한생선을불쌍한해골바가지,2,0,0,0.02,2,2
809,809,장수하면 뭘하냐 대통령눈치나보면서 조국사태 직언한마디못하는 식물총리였는데,8,1,0,28.28,9,7
810,810,너무나 음흉한 것 같애 생긴 게 그렇게 생겼잖아 음흉하게,4,0,0,9.66,4,4
811,811,천황이 국빈 대접이라도 해 준 걸 감사할 줄 아는 걸 보니 총리는 하루바삐 사퇴해서 살 길 찾아라 !청와대 직원들도 마찬가지다 !모진 놈 옆에 있다간 정 맞는 법이다 !,0,0,1,88.88,0,0
812,812,이 자가 정경심 수사하는 검찰에 하지도 않은 강압수사라고 국회에서 몰아 부치던자 이닌가?,31,2,0,15.11,33,29
813,813,그래도 이낙연이 삶은 소대가리보다  천만배는 낫지..,2,1,1,83.73,3,1
814,814,그냥범제조직해채하라더불어당국민의심판대에서다,1,0,0,45.88,1,1
815,815,안녕히 가세요,1,0,0,15.89,1,1
816,816,슬슬 이낙연 띄우기 시작인가? 문재인도 이때쯤에 띄우기 시작한거같은데..,2,0,0,17.53,2,2
817,817,놀구자빠졌네ㅡㅡ,2,0,0,9.19,2,2
818,818,아닥들하시고 이총리는  대선가는게 진리다 민주당 느들살아남는길은 그것 밖에 없다,0,2,1,77.63,2,-2
819,819,★면상이 참 역겹게 생긴 넘. 전라도 해안에서 약탈을 일삼던 왜구들 수장처럼 생겼노....★세월호사고 당시 절라도수괘로서 책임은 지지않고 오히려 반정부 선동질만 일삼음. ★절라좌파들의 전형적인 덮어씌우기의 표본. 눈 뜨고 있어도 코 베어가는 절라선동세력의 상징. ★기득권의 단물만 빨아먹고사는 위선자. 캐보면 조국보다 못지 않을것.,2,0,0,0.0,2,2
820,820,이낙연이 정경심 압색때 여자만 있는집에 남자가 처들어가11시간 있엇다구 인권유린했다구 개소리 한 인간아닌가 정유라 압수수색은 어떻게 생각하시는지 궁금하다 정경심만 국민이고 정유라는 국민이 아닌가? 하여튼 좌파놈들은 개나소나 입만 열면 거짓말이다,26,3,0,11.22,29,23
821,821,민주당 욕하는 글이 하늘을 찌르는구나 민주당 잘 듣고 정신 좀 차려라 OOO들아,5,1,0,4.03,6,4
822,822,"좌빨 또 찍으면, 국민은 개돼지 인정하면 된다",4,1,0,16.37,5,3
823,823,민주당ㅅㄲ들아..니네 거짓과 사기. 선동질에 진절머리가 났다..박근혜 이후 앞으로 니네들의 선동질에 넘어가는 인간들은 문빠밖에 없을끼다,5,0,0,0.09,5,5
824,824,민주당 점점 한심해지네,0,1,0,1.43,1,-1
825,825,ㅋㅋ 문재인 인기도 오르고 더폭망당 지지도오르잖어. 더 사기치고 국민우롱하고... 조국감싸고...,1,0,0,2.58,1,1
826,826,저 스크린 봐라. 이런 시국에 정부종합청사엔 늦가을 정취가 걸려 있냐 !국민은 사지로 내몰면서!총리는 아무 성과도 못 내고 국빈놀이하고문재인은 청와대에서 잠이 오냐여당 내세워 공수처만 만들면 다 네 세상일 줄 아는 게냐.대한민국의 국정을 난도질해 놓은 책임을 통감하고국민들 앞에 사죄표명하고 그 챔임지고 하야하라 !총리도 사퇴하라 !청와대 말단 직원들까지 싹 다 나와라 !대통령이 뭘 하든 제 배만 불리면 그만인가 !,1,0,1,99.83,1,1
827,827,총선 100석 미만 예상됨.   완전 레임덕 와서 아무것도 못하고 시즌 쫑 칠듯.,0,0,0,38.66,0,0
828,828,솔직히 총리로서 한게뭐가있나요!,2,0,0,20.89,2,2
829,829,하든지 말든지...난 이제 민주당은 안찍을란다. 닭그네 때보다 살기 힘드니 말 다했지..,4,0,0,1.84,4,4
830,830,좌파에 표주는 일은 이제 두번은 없다 나라 팔아먹을 OOO들,1,0,0,3.38,1,1
831,831,정당 지지율 오르고 있는데 뭐가 다급해 OOO~ㅋㅋㅋ 일기는 일기장에 쓰라고ㅋㅋㅋ 똥줄타는건 너그 적폐언론들이지ㅋㅋㅋ,1,1,1,96.28,2,0
832,832,"한때 당신들한테 솔깃했었는데, 이젠 걱정마라 절대 안뽑는다.",9,0,0,2.2,9,9
833,833,최장기 총리도 하고 나중에 최장기수도 하고,2,0,0,6.67,2,2
834,834,"개같이 피토해도 민주당될듯, 봐라 돈퍼주기정책이  얼마나 힘이 되는줄 봤자나? 꽁똔 5백가까이 주는데 안뽑고 베겨?",1,1,1,59.83,2,0
835,835,"호남인들만 대동단결 현 호남위탁정권에서호남 단독정권 만들겠다는 전략!!!꿈 깨시길,,,,",10,0,0,1.64,10,10
836,836,지금 이런식  이라면 언놈이  와도   똑같다,0,0,1,66.2,0,0
837,837,어이없네.  조국사태등  정국운영에  대한  책임 없는거야?,2,0,0,2.62,2,2
838,838,"다급하다라 ..  ? 경제 완전히 망치면서 , 독재 까지  하니 , 국민이  등 돌리는것  ..  수도권 국민님들 , 총선에서 민주인민당 다 떨어뜨려야 할텐데요 ,  자유민주자본주의 체제가 아닌 다른 체제는 국가가 망하고 , 국민이 망한다는 사실이 전세계 각국의 예  에서 증명이 되는데요 . 특히 주부님들이 잘하셔야 되는데요 .",2,0,1,87.51,2,2
839,839,댓긓들 개판이군.,1,0,0,3.0,1,1
840,840,대통령이  너무 설쳐대서  총리가 있는지 없는지 몰라서 오래있는것임,2,1,0,1.21,3,1
841,841,겸손함을 모르는 거만하고 응큼한 늙은 너구리 틀딱임.,0,1,0,22.2,1,-1
842,842,이총리 일본가서 회담했다고 가 토착 왜구면 자유한국당 혁신위원장 안중근의사를 테러리스트로 위안부 매춘 ㆍ자유한국당 은 애국자니 한번 물어보자,0,1,1,89.65,1,-1
843,843,캐첯이다서글넘들 그리고 기레기색히  선동질,0,0,0,3.31,0,0
844,844,문재인 똘만이  이낙연 너도 다지나갔다좌파주사파 밑에서무얼 한다는 말이냐?,1,1,0,0.31,2,0
845,845,인상이 딱봐도 더불어민주당이네,1,1,1,98.16,2,0
846,846,민주당 아웃이야...,3,1,0,4.08,4,2
847,847,이낙연 죽이기네 ㅋㅋㅋㅋㅋ 이인영 이해찬이 맡아 청문위원들도 그렇고 진골 운동권 아니면 다 제물이여,0,0,0,2.99,0,0
848,848,빨갱이당에서 더이상 대통령 안 나와요 애쓰지마세요..죄앙이로 충분히 헬빨갱이 경험 오지게한 국민이 이낙연을 뽑아준다고? 좀비달창이 웃을 일ㅋㅋ 토착왜구 이낙연 ㅋㄱ,5,0,0,0.35,5,5
849,849,민주당이 다급하면 조국 낙마했다고 표창장이나 돌리는 담마진 병역면제 새끼랑 나갱원이가 지휘하는 봉숭아학당 자한당은 뭐냐? 그게 국민이 낙마시켰지 니가 낙마시켰음? 자한당 이런것들이 나라 맡으면 나라가 어떻게 되겠음? 자한당 이 쓰레기들 때문에 민주당이 야당복이 있다는거다,2,1,0,0.29,3,1
850,850,"잡룡들이 다 범죄자였으니, 이젠 문재앙의 최장수 거수기라도 다음 왕좌에 앉힐 모양이네 ㅋㅋㅋ",1,0,0,0.25,1,1
851,851,"왜? 니들은 호남이면 무조건 좌파냐ㅋ 안타깝고 안타깝다이나라가  언제 영,호남이 없어질꼬ㅋ",0,0,0,0.64,0,0
852,852,그나물에   그밥 .  배지밀(콩가루)  정당.,1,0,0,2.63,1,1
853,853,적폐 개중앙.제목 꼬라지 봐라!,0,0,1,79.82,0,0
854,854,요즘 정치충들은 복잡다단한 현실을 단어로 갖히게 해서 선동하는걸 좋아하지. 운동권/사회주의/빨갱이/좌빨 등등등.. 세상이 그렇게 쉽냐 이사람저사람 다다르고 생각도 시시때떄로 변하는데 ㅋㅋ 지는 그럼 우파 지지 하면 우좀이고 친일이라고 하면 안억울 하나 균형을 가져야지. 좀 논리적이고 균형적으로 생각들을 다같이 바꿔나가면 안되나?,1,0,0,0.98,1,1
855,855,김현미를 총리후보라고?? ㅋㅋ 더 나라말아먹을일있냐??,0,0,0,11.27,0,0
856,856,몇 사람 빼곤 대통령 뒤에 숨어서 하는 건 하나없이 거저 국개의원 뱃지달려고 하는 무능하기 짝이 없는 비겁한 넘들!!  버      러       지같은 생각이 안든다면 인간도 아니다,1,0,1,99.7,1,1
857,857,많이 급하구나,0,0,0,18.96,0,0
858,858,일본가서 아베한테 친서 전달하고 인터뷰까지 일본어로했던데 이거 자한당이 그대로 했으면 친일파 토착왜구라고 개까였을것을 이낙베가 하니 대깨문들 아가1리 봉인함 역겨운 좌빨들 이중성 오지죠?,12,2,0,0.19,14,10
859,859,"다뿔어터진당이 급하긴 급한가보다.. 자칭 대선후보란 넘들이 전부 불륜, 부정 등으로 낙마하니 인기도 없는 이낙연을 끌어 들여??  전라도 빼고는 전멸할 것이다....",4,1,0,0.53,5,3
860,860,전라도는 안돼,5,1,0,10.56,6,4
861,861,다시는 빨갱이들에게 안속는다,0,0,0,10.78,0,0
862,862,중앙 제목 뽑는거봐라ㅋㅋㅋㅋㅋㅋ이젠 대놓고 양아짓하네ㅋㅋㅋㅋㅋㅋㅋㅋㅋㅋ,0,0,0,11.51,0,0
863,863,"아부의 달인,  조국  사태   문어벙  하루만에  번복하고,",0,0,0,9.4,0,0
864,864,문재앙에 이어 이낙견이 뭘 했는데 자꾸 차기 대선 어쩌구 저쩌구 하면서 띄우는거야 니들 국민들한테 사과는 했냐,3,1,0,1.48,4,2
865,865,여기에 악풀 같은것 보내지 마세요...,0,0,0,8.22,0,0
866,866,그래~낙연이도 가는구나??총선에서 개작살나서 책임지고 낙향~시키는 작전수립?주사파만 신났구먼??,0,0,0,0.24,0,0
867,867,풋..최근조사가 황교안대표랑 2프로 차이나던데..이정도면 황교안대표가 앞도적으로 이기고 있는거야.지난 창원보궐선거때도 20프로가까이 자빨이 이긴다는 여론조사보고 김치국마시다가 결과는 504표 차이였지 보니까 경상도 충청도에서 황교안대표가 1위 먹고 들어갔고 20대도 황대표가 1위라면 이미 게임 끝이지.경상도 충청도표 못얻고선 절대 안된다그 트롯부르는 딴따라 몰골의 깡전라도 낙연이놈이 그나마 현직총리 프리미엄과 라도표때문에 져렇게 버티고있는건데. 우리나라 사람들 전라도것들 안뽑아.한국당이 왜 이낙연에게 관심도 없는지 생각해봐라,0,0,0,0.13,0,0
868,868,"*조국이 집 압수 수색때, 정경심이 하고 딸보고 ""집안에 여성만 2분 있었다~~""(-가짜뉴스). 이총리 이번 정유라건에 대해서는 어떻게 이야기 할 겁니까?. 왜 하나같이 문재인이 밑에만 있으면 저 지날들이야....",0,0,0,0.01,0,0
869,869,"주사파,,  좌파,, 시민단체,전과자출신,  침투빨갱이들,   정권기생충들이  모여있는  정당은  총선에서  퇴출되어야한다,  보수세력응  지금부터  총선낙선,인물들을  명단작성하여  준비하여야한다,",1,0,0,18.47,1,1
870,870,헐 총리 후보로 김현미.유은혜는 아닌것 같다. 차라리 손학규가 낫다.,1,0,0,37.22,1,1
871,871,이총리 대선 응원합니다~~~이총리뿐이네요다른것들은 정신들이 다 이상해,2,4,1,78.79,6,-2
872,872,대권 욕심이 있다면 민주당 선대위장 자리가면 안된다.,0,0,0,10.96,0,0
873,873,더 이상 좌파가 나랑 망치는 꼴은 보고 싶지 않다. ㅜㅜ,1,1,0,1.56,2,0
874,874,어디든 무능한놈이 장수하드라,0,1,0,2.26,1,-1
875,875,이낙베 일왕에게 90도 인사! ㅋ ㅋ,2,0,1,77.69,2,2
876,876,"국민 여러분 정의 공정 공평 성찰  새로 맹글었습니다  한번또 부탁드립니다 여러분어짜피 정치나 인생이나 속고 속는거 아니겠습니까 , 에라기 그만해라 경제 무능당 너거들이 하면뭐할끼고 있는거없는거 삽질로퍼주는거 연봉이천짜리 10명이면 다한다,두달동안 너거당에희망을다잃었다 그리고 좌파의 정치수준과 능력을다알았다 알켜주서고맙다",2,0,0,45.16,2,2
877,877,이낙연이도 이번에알아봤다. 이번에 아베를바라볼때의 토끼같은 눈매와 청문회.국감때의 저음과 표정과....    제발 그렇게 살지말고낙향해라. 허긴 언론인 출신이  거기까지 갔으니 많이 가긴했다만 이번 조국사건을 거치면서  이낙연의 깨끗치 못한 뱃속을 들여다본사람이 나 하나일까?,2,0,0,45.28,2,2
878,878,아닉연이는 일왕즉위식때 입었던 옷 보고 일제시대 친일파 느낌이 없어지질 않네.. 궁금하면 그 사진 찾아서봐라 ㅋㅋㅋ 싱크로율 200%다.. 딱 일제 시대 친일파 느낌,1,2,0,0.0,3,-1
879,879,"문재앙의 간신배 앞잽이 노릇하며 똥꼬 열심히 빨면서 최장수했다며 최악인 이낙견이라니, 차악인 황교안이 낫겠네",5,5,0,0.01,10,0
880,880,그나물 그밥 아니여.그냥 총리나 하지거리여,3,2,0,2.9,5,1
881,881,이낙연 아들도 조민이랑 같이 부산대 의전,3,3,1,97.8,6,0
882,882,"이 정권에 총리,  장관이 있었나?  재앙이와 그 똘만이들만 있었지. 저렇케  하려면 누구나 최장수 총리 하겠다. 눈치맨.",0,5,0,16.39,5,-5
883,883,여러분 좌파 만주당과 문어벙이 이렇게 나라를 말아먹고 20년동안 장기집권 한다고 합니다.지금도 나라가 고꾸라지고 있는데 한번 더가면 베네수엘라처럼 쓰래기통 뒤지고 거지나라 됩니다.생각좀 하자고 찍자고요,4,4,0,0.04,8,0
884,884,백날그래봐야민심등돌렸다이좌파정권은심판당한다,3,3,0,1.64,6,0
885,885,머가 다급해졌다는 말이지~~지지율도 민주당도 큰격차고~~이제 황교안 쿠테타 내란음모를사건나경원 사학재단 자녀입시비리등 국직국직한 사건들이 기다리고있는데급한건 자한당이지,2,3,0,0.9,5,-1
886,886,호남 빼고는 전멸할듯. 대안 정당 수준으로 몰락을 맛볼꺼다,2,2,0,7.17,4,0
887,887,이낙연이 누구야? 이런사람도 있었나? 아~ 일황에게 90도 머리 조아린 일베놈~,1,2,0,4.31,3,-1
888,888,지역 정당 으로 또 태어 나시겠구먼,0,0,1,82.58,0,0
889,889,민주당은 당대표를바꾸고 혁신해야 이번선거에 희망있다 현 지도부는 노답이다~~,0,0,0,18.25,0,0
890,890,서울 부동산 하락시키지 못하면 탄핵당할것 전국민에게 ㅜㅜ,0,0,0,3.7,0,0
891,891,경제파탄 총리를 대통령으로 국민은 생각 않는듯 합니다 집값폭등 자영업 다 문닫고  서민들 살기가 너무 힘듦 이대로는 안된다 신한당도 마찬가지다  새로운 주자가 나서야합니다 안철수 같은 돈 때문에 대통령 말기 구속은 더이상 안된다,0,0,0,6.47,0,0
892,892,이미 이낙연의 밑바닥도 조국사태때 다드러났다. 음흉하게 드러내지않고 좋은 이미지인척했지만 실상은 가장 약삭바르게 붙는 스타일이다,4,0,0,35.73,4,4
893,893,정말 웃긴게 총선때 지네들이 압승할거라고 믿는 달창들이 진짜 있다는거ㅎㅎ,1,0,1,90.95,1,1
894,894,짬뽕으로해라,0,0,0,2.25,0,0
895,895,니네들은 조국이나 계속 따르거라..,0,0,1,98.03,0,0
896,896,"한번 빨갱이는 영원한 빨갱이 ,한번 좌파는 영원한 좌파. 좌파놈들 나라 망친거 1번이면 충분하다. 좌파들 본질도 알았고",1,1,0,10.62,2,0
897,897,문재인씨한테 직언도못하는 장수총리? 장휘국같은 좌파 진보를 적나라하게 드러내는 인간들이 많은한 쉽지않을거다. 이낙연씨도 전남출신?,0,0,1,75.3,0,0
898,898,가짜뉴스 퍼트리는 놈 이네,0,1,0,3.53,1,-1
899,899,"더불당 문재인 주사파들이 이낙연 쳐내려고 작정한듯, 총선 더불당 참패가 분명한데 이낙연에게 책임묻고 쳐내고 맹목적 전라도 지역감정  선동도 하고 두가지 노림수",1,0,0,0.06,1,1
900,900,경제와 안보 외교 망가질때 조국방패막이밖에 한게 있어? 조국마피아. 아들 대학입시 먼저  까보자.  박원순이랑,1,0,1,92.81,1,1
901,901,"국무총리는 국가의 경제, 외교, 교육에 대하한 책임은 없나요 지금이 나라가 엉망인데  총리는 기록이고 뭐고 지금말이되나요석고대죄하고 해야할일이지요.총리는  꼴불견이네요",1,0,0,0.46,1,1
902,902,니들도 결국 이인영이나 그밑에들은 도움안되는걸 니들이 시인하는거지 ㅎㅎ,0,0,1,73.31,0,0
903,903,레알미터에서 지지율 올라서 높던데 왜 다급하다는 건지....,2,0,0,4.77,2,2
904,904,좀 기다려봐. 자유당에서 똥볼  차주는 인간 나온다,1,0,1,75.42,1,1
905,905,친일+친북 ㅈㄴ최악ㅋㅋㅋㅋ,1,0,0,0.42,1,1
906,906,이번 선거는 잘해도 전 선거만큼 의석 확보 안됨. 패배 책임져야 될 자리인데. 내가 이낙연이면 그 역할 절대 안함.,4,0,1,87.2,4,4
907,907,더블어좌빨홍어당 다수당 만들면 나라 망하는 지름길.ㅎㅎ,0,0,0,15.42,0,0
908,908,ㅋㅋ몇달전엔 조국이 제발 따불당에 보내달라고 개지롤떨더만..조국이 얼렁 입당시켜달라고 해라,1,0,1,54.72,1,1
909,909,이낙연도 처음에 잘하다가 점점 이상해지더라,0,2,0,35.02,2,-2
910,910,국민은  한번 속지 두번 속지 않는다.,5,1,0,2.28,6,4
911,911,"이낙연 비문결집, 이해찬 친문패거리들 싸움으로 민주당 분당, 공중분해되길 기대한다.",5,0,0,8.03,5,5
912,912,문재인 586집단은 국가파탄 민생파탄에 대한 책임을 져야 한다. 더불어민주당 총고위원은 총사퇴하고 문재인내각도 총 사퇴하라.  그리고 국가정책을 자유한국당과 상의하여 대전환하라!,4,0,0,0.02,4,4
913,913,그마이 당했으면 됐다,0,0,1,75.21,0,0
914,914,지지율 높다고 힘 내는 사람들...야당에 누가 표줄까 하고 근심걱정 없는 사람들 ...여당 지지율 하늘은 찌른다는데  왜  갑자기 이낙연씨를 소방수로 찾을까 ?지지율 조작 된건가 ...,0,0,0,0.37,0,0
915,915,지랄은 하는구나...,0,0,0,15.75,0,0
916,916,"더듬이당 내놓은 정책마다 폭망했는데 나견이가 선거를 이끌던 말던 너거들이 내놓을 정책이란게 소득주도 성장, 대기업 옥제기, 세금 퍼주기, 집값 올리기 이런 거 말고 또 있겠냐.  거기다 도덕성도 너거들이 그렇게 욕하던 한국당보다 바닥인데 이제 다시는 너거들 찍을 정상적인 국민들은 없다.",7,1,0,0.18,8,6
917,917,이해찬 제거해야 그나마 너희가 살 기회를 얻을 거야.,1,1,0,6.77,2,0
918,918,차기 대통령이니 대선준비해야지 뭔 총선이여,3,0,0,11.85,3,3
919,919,주사파들이 주사파 아닌척 하면서 또 살아 남으려고 발악한다. 전교조 주사파 민노총 관련된 국개의원들 깨끗이 걸러내야 한다.,3,1,0,5.35,4,2
920,920,리얼미터 조사에서 민주당  지지율이  자한당보다  휠씬  높은데  무슨 걱정이냐?    ㅋㅋ,2,1,0,2.35,3,1
921,921,틀낙연 ㅋㅋㅋㅋㅋㅋㅋㅋㅋㅋㅋㅋㅋㅋㅋㅋㅋㅋㅋㅋㅋㅋㅋ 조국 논리대로면 이낙연은 토착왜구 새끼고 죽창으로 찔러 죽여야 하는 사람인데요? 민주당 지지자들 뇌 과부하 걸려서 터지기 직전임ㅋㅋ,0,1,0,4.44,1,-1
922,922,뭘 걱정하지? 조작미터에서 지지율 40프로 넘게 폭등했는데??? 문주당 선거대책 책임자도 조작미터로 선거전략짜면 망한다는거 아는거지 ㅋㅋ,2,0,0,0.01,2,2
923,923,이낙연이가 잘해서가 아니라 선택지가 없어서 아닌가?,0,0,0,48.61,0,0
924,924,전라도 빼곤 참패할거 같은데,5,0,0,10.44,5,5
925,925,다급해진 건 자유한국당과 조중동 아닌가?,1,6,0,6.55,7,-5
926,926,이낙연 이해골아?  솔직히 니놈들 맘은 문무능  문 멍청 문개한심한  새끼 대똥 밑에서 연명하는거  젓같지?   정치짬밥 30년 된 새끼들이  니놈들은  쓸개도 개 줘버렸냐?  비굴한 새끼들아! 조오슬  떼라!,0,0,0,23.08,0,0
927,927,그 ㄴ 이 그 ㄴ.민주당의 현재 ............뭐가 달라질까  아무 기대도 없다.,0,0,1,75.88,0,0
928,928,일단 이해찬대표부터 용퇴하시지요.,0,0,1,62.69,0,0
929,929,★ 이낙연이 전라도라서 전라도 표는 모을 수 있을지 모르지만 전라도 제외한 대한민국 사람들의 표는 모을 수 없다.,5,2,0,24.8,7,3
930,930,해골은  수준이  아니다,0,0,0,16.62,0,0
931,931,전라도인물잇나전부적폐오죽하면경상도인물내세워서대통령취하셧나,1,0,0,26.31,1,1
932,932,이낙연 호남 출신이니까 .. 전라디언 떼거지로 모여들겠지 전라도당은 이미 이낙연으로 콘크리트 쳤다.,2,0,0,6.76,2,2
933,933,김현미는 제발 내다버려라!,0,0,0,15.28,0,0
934,934,시뻘건 전라도 출신에 천황 타령하는 토착왜구에 진짜 끔찍한 혼종이네.. 박지원보다는 낫다고 해야 하나 흠..,1,0,0,13.48,1,1
935,935,참 정치인은 욕심을 버려야한다. 욕심을 버리지 않으면 私利私慾에 눈이 멀어 판단이 흐려지고 깊은 수렁으로 빠져 정치꾼으로 전락하면 국민이 먼저 정치꾼들을 버린다. 말로만 國利民福을 주장하는 정치꾼은 21대 총선에서 모두 갈아 치워야 한다.참 정치인 이낙연 총리의 역할을 기대한다.,0,1,1,75.16,1,-1
936,936,간신배 총리가 선대위원장 맡는다고 뭐가 달라지나,2,1,0,15.17,3,1
937,937,"그동안 진보세력에도 대실망했지만 대안이 없고, 그렇다고 진영이 바뀌면 늘 똑같은 보수세력의 손을 들어 줄 수도 없고, 그러면 제대로 된 탄탄한 중도세력이 있다면 그쪽 손을 들어줄텐데 이 마저도.. 참 요즘 같으면 이민 가고 싶은 마음이 굴뚝같습니다...,",3,0,0,23.57,3,3
938,938,원혜영 의원이나 유은혜 부총리가 좋을듯. .,0,2,1,73.15,2,-2
939,939,리얼미터가 문재앙하고 더블적폐당 지지율이 높다고 나오는데... 왜? 사기극 인정하는거냐 ㅋㅋ,9,0,0,1.1,9,9
940,940,절라도 빼곤 전국에서 전멸할 거다...,174,5,0,14.73,179,169
941,941,●전라인민민주주의黨의 몰락. 이나베의 거품,2,0,0,0.14,2,2
942,942,이낙베   개무능,2,0,0,20.13,2,2
943,943,골신당범죄보호당낙시온다고해결되나골빈당,2,0,0,38.69,2,2
944,944,꿈에서 깨어나라 민좆당아 일장춘몽이다. 늬들은 이제 끝났어. 전라도나 잘지켜라,8,0,0,13.88,8,8
945,945,음흉한느낌. 여성두분이 있는데..라고 하신.,1,0,0,21.6,1,1
946,946,하긴 전나도 인원이 몰려오기는 하겠지~  전라도 출신은 조국 바라기 했다가 이제는 이낙연 바라기가 되겠구나 ㅋㅋㅋ,4,0,1,86.61,4,4
947,947,그간 대충했어야 국민들도 돌아설 명분이라도 있을텐데. 나쁜 것은 안한 것이 없을 정도이니~,0,0,0,8.4,0,0
948,948,누가 맡던 니들의 시절은 끝났다. 내년엔 어떤지역을 지외하곤 전멸이다. 뒤를 돌아봐라. 양심이 있다면 전원 불출마선언을 해도 용서 못받을 나라꼬라지를.,3,0,0,44.5,3,3
949,949,"뭐여, 이해찬있자너.20년집권플랜의 당대표인데 무시하네.이해찬이 이끌어야 민주당 50석얻는다.이해찬 화이팅!!!내가 이해찬을 밀어줄줄이야...",2,0,1,99.82,2,2
950,950,야이 생양아치들아 밥 숟가락 얻을 생각하지말고 출마포기하던가 아님 제대로 입법활동이나 해라,0,0,0,0.71,0,0
951,951,김현미 유은혜 ㅋㅋㅋ 아주 쌈을 싸라,0,0,0,26.32,0,0
952,952,민좃당 지지자들아?  이낙연을  문빠돌이 달창들이  대통후보로 만들어 줄까?  설령  후보가 된들  라도출신은 김대중 이후는  대통 안된다.  니들 후보는 좃국이  유촉새   좃재명  메크로 갱수 원숭이  요놈들중  한놈 알아봐라!  개돼지새끼들아!,0,1,0,0.83,1,-1
953,953,ㅎㅎㅎ 돌아와봤자 얻는게 없을텐데 이미 물건너갔어,0,0,0,5.83,0,0
954,954,더불어공산당 ㆍㅋ아무리 해봐라 ㆍ이젠 국민들도 알아차렸지 ㆍ경제 폭망 ㆍ 안보 폭망 ㆍ교육 폭망 ㆍ일자리 폭망 ㆍ정치 개판 ㆍ 소득주도 백날 해봐라 ㆍ망하는 길로만 갈테니 ㆍ 국민들은 먹고 살기 힘들면  니그들은 아웃이다 ㆍ더불어공산당 ᆢ아웃이다,1,0,0,0.24,1,1
955,955,ㅋㅋㅋ그렇게 믿고 계속 가라 빨갱ㅇ들아 슬마했다 핵대중 도요타 다이쥬~ IMF개영삼 개인비리 자살 노무현 완존 빨갱ㅇ 문좨앙 ㅋㅋㅋㅋ기자간담회서 자기만큼 사랑받는 사람 어딨냐고??? 소오름 니넨 사라져야할 빨갱ㅇ 찌꺼지 이제안 난 ???? 개돼지였음 18 니들 모두 우파 국민의 이름으로 완.죤.소.각.을 명.한.다!!!! 모두 부칸으로 꺼져 국민손에 참수되기전에,1,0,1,93.35,1,1
956,956,대한민국 말아드신 No.2에 수십명 모여든단다. 삶은 소대가리가 웃을 노릇.,0,0,1,93.75,0,0
957,957,"구체적인 후보군으론 김진표ㆍ원혜영 의원, 혹은 김현미(국토부)ㆍ유은혜(교육부) 장관 등이 꼽힌다. -> 이거 보고 한참을 웃었다.",0,0,1,98.7,0,0
958,958,조중동 이넘들은 글을 안쪽 눈깔만 뜨고 작성하냐?? 말끝마다.. 삐딱하게 쓰네...,1,1,0,7.49,2,0
959,959,민주당에서 대권주자 나오자 개누리한국당 지지자들 똥줄 타는게 밑에 보이네,0,2,0,36.49,2,-2
960,960,낙연이가오면 해골은 얻다버리게.   아무데나 버리면 오염되지?아오지에 갇다버려라,0,1,0,2.63,1,-1
961,961,인생살  가치도없는  토착 짱개    명나라 시녀,0,0,0,1.01,0,0
962,962,이젠 좌파 정권은 안 된다 !!! 한국 살려야 한다 !!! 좌파 몰락 한다 !!!,51,4,0,2.9,55,47
963,963,"민생행보 펼치려면 소득주도성장폐기, 온갖 부동산 신축 규제책 철폐 등 해야되는데. 이건 전혀 안하고서. 또 쇼와 이미지 정치라는 꼼수만 펼치려네",4,0,0,2.41,4,4
964,964,더불어 터진당 해체,2,1,1,90.87,3,1
965,965,"빨리 당대표를 해라...지금 당대표는 식물 대표다,,,존재감 전투력 정치력  제로......당장 쿠데타  내람 범 황교를 기소 수사해라...내란 범이 오히려  설치고 갑질이다...",0,0,0,14.21,0,0
966,966,좌파놈들 자화자찬 개노답. 김치국드링킹 역겹네,0,0,0,7.47,0,0
967,967,이미 끝났어요..때늦은  깨달음..조국사퇴는 문재인 민주당의 임명 실수였고 이미 다 민낯이 들어나게 되었는데 누굴 내세워서 될 일이 아닙니다,1,0,1,98.37,1,1
968,968,이낙연도 조국적국에서보니  역시 좌파찌질이였어.,1,0,1,95.77,1,1
969,969,당장 사퇴해라. 이게나라냐.공동책임,0,0,0,11.41,0,0
970,970,리더는 아니다    소싱 없어보여    눈치것 말하는   국무총리격   그까지    리던ㅡㄴ 아님   민주당  망해가는구나노망등 할배만 모이나,3,0,0,5.23,3,3
971,971,이낙연도 민주당 것들과 똑같다는 것을 조국 보고 알았다.NO,0,0,1,89.4,0,0
972,972,아니 이게 뉘신가?ㅋㅋㅋ,0,0,0,10.83,0,0
973,973,낙연이도 의혹 풀어야할거 몇가지 있는거 같은데  나베와같이 자녀의혹도 풀어야하고,3,0,0,33.66,3,3
974,974,응 전라찌릉내남,1,0,0,49.79,1,1
975,975,중앙일보 ㅋㅋ,0,0,1,74.15,0,0
976,976,기레기야 민주당 지지율이 훨씬 넘는데 다급한 건 머냐? 니가 다급한 거지,0,1,0,5.73,1,-1
977,977,다시는 이나라에 전라도 좌파 정권이 들어서면 안된다. 나라꼴 엉망된다.,0,0,0,2.59,0,0
978,978,총리오래하면 뭐하냐 총리자리있는동안 총리역활을 안하고 자리만보전하고 세금만 축내는데...  니가 한게뭔데,0,0,0,4.25,0,0
979,979,"<<속보>>공수처법==> (중국공안법 과 내용이 똑같다 ㅡ아니 오히려 그보다 더함 (중국은 기소권이 없지만 한국은 기소권마저줌)~장기집권시라리오~!! (예: 중국 판빙빙 사건) ). 집권자가 맘만 먹으면 야당 등 눈에 거슬리는자, 뒷조사해서 공안통치가 가능한 악법중의 악법임 (검찰이 없는 싱가폴, 홍콩만이 어쩔수없이 이 제도시행 - 우리나라는 검찰 만으로도 충분함 )~ 조국사건 같은 경우도 공수처로 갖고가서, 집권자 맘대로 조작할 가능성 농후~왜?.. 80%이상을 대통령,여당에서 공수처장 등을 임명하기 때문~! 버인썬등이 걱정되지?",11,0,0,0.0,11,11
980,980,아니 민주당은 지지도 회복했다는데 머가 다급한가요. 민주당은 리얼미터 안믿나보죠?,1,0,0,20.84,1,1
981,981,후보군 중 원혜영의원이 가장 좋아보이네요,1,0,1,98.78,1,1
982,982,그건 느들생각!!!너넨 아웃,1,0,0,9.55,1,1
983,983,애네들은 오로지 선거 지지율 이딴것만 관심있어. 지금 경제 민생 이런건 전혀 관심이 없는 애들 같애,2,0,0,2.33,2,2
984,984,근데 문빠들 편들어서 될까,0,0,1,88.1,0,0
985,985,참 지지리 무능하고 못난 사람들이구나. 더불어민주당에 인물이 그리 없는 가?  그 동안 청화대 눈치만 봤지 여당으로서 정책마련이나 대안도 내놓지 못했다. 자유한국당과 비교해서 잘하고 있는게 없다.,1,0,1,99.96,1,1
986,986,양정철이가 해결사 아닌가?,1,0,0,9.56,1,1
987,987,더 이상 문재앙 시즌2를 경험하긴 싫다..,3,0,0,3.83,3,3
988,988,저 새끼가 그 새끼지. 문재앙이랑 도찐개찐 주사파 수괴새끼.. 이제 안속는다,1,0,0,0.41,1,1
989,989,조국이데려다. 선대워원장 맏겨라,0,0,0,44.19,0,0
990,990,푸핫..저능아 아님  니들을 또 찍겠냐..,12,1,0,13.58,13,11
991,991,급했구나  급했어.  주군(정은이)의  직속  부하를  선대위  뽑자고  하는거  보니..밥먹고  데모질  일삼다  보니  인물이  없지?  주둥이  만  나불대는  것들  뿐이고.  어차피  않되는거  낙연이  보고  총대메라  이거지..잘못되면  튈곳(북한) 있는놈이  낫다  이거네,3,1,0,0.49,4,2
992,992,라도인이 선대위원장 매우 좋은 생걱이다 말어 붙여라,1,1,1,53.0,2,0
993,993,"몸속의 종양은 제거라도 되지만 기레기 종양일보는 제거고 안된고,  어케 해야  저런 언론같지도 안은 것들이 대명천지 활개치는 꼬라지 안 볼 수 있을까? 다급하다니? 누가 무얼 다급하다는 것이더냐? 소설쓰지 마라. 어케된것이 너들은 70년동안 한결같이 소설. 구라만 쓰냐?  누가 다급한건지 구체적으로 밝혀라. 가만보아하니 내년 총선서 자유매국당 70석밖에 안되면, 신문 폐간되게 생겼으니 너들이 다급하구나",0,3,1,89.95,3,-3
994,994,나라는 개판인데 총리역할이 지대했습니다. 별의미 없는 장수란 걸로 과대포장하는 좌파들의 수준....,663,50,0,0.96,713,613
995,995,안정감 있게 내각을..좋아하네그래서.   안보.경제.외교이 꼴이냐,295,26,0,4.88,321,269
996,996,민주당은 누가되도 경제못살리는거 다 아시면서 그쪽엔 능력이 없으세요 하긴 돈버는걸 적폐라고하는데 경제를 살린다는게 말이안되죠 일단은 먹고살기편해야 뭐라도 있습니다 그래서 민주당은 아니에요,10,0,1,64.98,10,10
997,997,빨간 민주당 새뀌들 절대  뽑을일없을거다 내주위 모두도 내가족도 내부모님도,1098,107,1,94.49,1205,991
998,998,요즘 이낙연 기사 왜이렇게 많은가?기자출신이라고 기자들이 밀어주나?하는 게 없으니 책임질 것도 없는 총리 오래해서 참 좋겠다. 장관만큼도 책임 없는게.메모타령 할때부터 토쏠리더만...,1,0,0,5.44,1,1
999,999,총리는 황교활이 최고다~ 계엄령도 내릴 수 있는 황교활이 총리를 해야한다.,0,5,1,80.25,5,-5
1000,1000,쓰레기같은 민좃당...이공산당놈들아,5,0,0,7.94,5,5
1001,1001,"이낙연도 똑같이 조로남불 조적조 조양파 좌파 민낯 똑같다고 본다. 좌파들의 모토: 무조건 우기면 된다, 밀리면 끝장이다. 메시지가 너무 팩폭이라 공격 못하면 대신에 메신저를 공격해서 물타기하라. 이 주사파 사회주의 운동권의 패악함을 이번 일을 계기로 전국민이 잘 느끼기를 바란다. 이들은 조국이 연쇄살인마라도 지킬것이다. 이들의 이념논리는 죄가 문제가 아니고 밀리는게 죄니까. 조국 건을 계기로 전 국민이 좌좀의 포괄적 실체를 알게되는 첫 계기가 될 것이다. 핵심을 교묘히 비껴나가고 주변머리에 관심 집중하게 하는 혹세무민 선동꾼들임.",45,3,1,100.0,48,42
1002,1002,하는일이 뭐 있다고? 나라를 이지경에까지 만들어놓고는 최장수 총리란 불명에다 조국이 그렇게 거짓말을 하고 사기를쳐도 눈치를보고있다가 10월3이날 광화문에서대거국민어 봉기사태가 나니까 그때서야 .! 쯧쯧  문죄인 정권 은 한낱 유시민의 노리개에 불과한 형편없는정권이다 모두들 광화문 앞에 쿯어앉아 OOO라  국민들을 전라도 와 그외지역으롲갈라놓은 댓가다 전라도는 또한 역차별을 받을꺼다 믄죄인정권은 오직 전라도의 정권일뿐이다 대한민국의 정권이아니다,21,1,0,0.13,22,20
1003,1003,"이번 정부의 특징은 본의아니게 장수하는 장관이 너무많아,,,, 외교장관부터 국토장관 까지 뭐 제대로 일은 못하는데 바꿔줄 사람은 없고,,,어쩔수 없이 장수하는 장관이 나오는 기이한 현상들... 총리 또한 일을 못해도 대안이없는 현실때문에 장수하는 코미디같은 정부",3,0,0,1.06,3,3
1004,1004,글쎄올시다.. 능력있어서 오래한 것은 아닌 듯 하오....,3,0,1,83.88,3,3
1005,1005,간첩뻘갱이2탄을 우리더러 또 경험하라는건가,358,28,0,32.79,386,330
1006,1006,토착왜구 낙베총리 편안하신가?,1925,220,1,98.11,2145,1705
1007,1007,원래  존재감 없는 장관자리를 오래간다. 사실 이낙연 총리가 너무 존재감이 없고. 말하는 거나 행동이나 무슨 늙은이처럼 느릿느릿 하는 태도 개인적으로 비호감이다,9,2,0,0.01,11,7
1008,1008,조국 실드 오지게치면서 뭔 ㅋㅋㅋㅋㅋㅋㅋ 너 본질 다 드러났다 똑같은넘들끼리 북치고장구치네,4,0,0,24.57,4,4
1009,1009,차기 대통령 이낙연 총리님~ 응원합니다~,1,11,1,84.14,12,-10
1010,1010,그래서 일본가서는 한게 뭐있는데?     이정도면 독재네  사퇴할래 사망할래?,2,0,0,5.88,2,2
1011,1011,다음 대선 민주당 후보가 사실상 당선 확정; 민주당 당내 경선이 사실상 본선이 될듯; 닭년이 파렴치한 범죄자이지만 민주당 30년 장기 집권의 틀을 만들어준 공로도 어느 정도 인정해야한다.,0,6,1,50.76,6,-6
1012,1012,그래도 대똥을 치우는건 총리님밖에 없다...................휴,0,6,0,0.41,6,-6
