,index,comments,like,dislike,predict,percent,truelike,wholelike
0,0,또라이,3416,381,1,62.34,3035,3797
1,1,연예계 은퇴 하신다고 기사 본적있는데.. 언제은퇴하세요??,1782,146,0,7.19,1636,1928
2,2,들볶을 안재현 없으니 어지간히 심심한가보다 ㅋㅋ 매일 셀카질이네,1483,137,0,5.21,1346,1620
3,3,안재현은 조용히 있는데 구혜선은... 완전 극과극이네,922,96,0,18.81,826,1018
4,4,호텔 사진 올렸다 팩트 들어가니 삭제 트리 타신 분 아니신가?,527,28,1,86.1,499,555
5,5,난 진짜 이해안되는게..둘이 100평넘는 단독주택살며 혼자 살림한게 아니거든..30평대 아파트에 애도없이  둘이 사는데 가사노동이 너무 버거웠다는게 말이 되나..외도는 증거가 있어야 됨 결혼전 사진갖고 저격하면 저만 미친여자되는걸 모를만큼 멍청한가,350,29,1,87.17,321,379
6,6,친구도 없어서  sns엔 맨날 혼자 집에서 찍은 셀카밖에 없냐. 심심하니까 별짓을 다한다,241,24,0,2.34,217,265
7,7,"거짓 호텔사진 올렸을 때 대중들이 형사고소하라는 댓글 많았음 진짜 고소당할 수도 있으니 ""이제 분풀이 끝이다 더 이상 안한다""라고 말하며 그 상황 넘어감 그러나 거짓 허언에 이렇게  그냥 넘어가주는 것은 구혜선에게 말리는 것이며 구혜선에게도 결국은 안좋음 곧 다시 거짓 허언증 도진다에 1000표 건다 안재현씨 법적으로 처리해요 그게 구저리에서 벗어나는 유일한 방법이에요",197,7,0,1.37,190,204
8,8,진짜 안재현 개불쌍,192,22,0,24.29,170,214
9,9,안재현씨 지금은 힘들어도 차라리 잘됬다고 생각되고 다음엔 구혜선씨 같은사람 만나지 마요  내리막길이 있음 오르막길도 있듯이  앞으론 좋은일 있을거예요,156,14,0,44.53,142,170
10,10,"일단, 정신과 가서 심리 상담을 좀 받아라..니 인생 니가 산다는데, 누가 뭐라 하겠노..SNS 너무 즐기지 마라..누구처럼 폐인된다..",129,7,1,99.89,122,136
11,11,너무외로워서 살고자 저러는거다 모든걸 닫고 숨는것보다는 건강하다 그냥냅둬라 인생의 한페이지다,185,64,1,96.13,121,249
12,12,이딴거 이제 그만 올려놔라. 제발 짜증난다 내가 널 고소하고 싶다 ㅠ,127,10,0,0.54,117,137
13,13,거짓인거 다 알면서도 그냥 무조건 올림 ㅋㅋ 그리고 욕들어 먹으면 삭제하고 다시 글 올려서 피해자 코스프레하고 ㅋ 거기다 댓글은 다 챙겨보고 ㅋㅋ 아직 안끝났을걸? 이제 안재현 드라마하고 그러면 글 또 올라올걸 ㅋ 본인 입으론 분풀이다 사랑하지 않는다하지만 아직 미련남음. 미련이 없으면 분풀이도 안하고 그냥 무관심하지,108,1,0,0.01,107,109
14,14,얜 항상 혼자있는 사진 밖에 없네 ㅋㅋㅋㅋ 정신상태가 그모양이니 친구가 없지 ㅋㅋㅋ,122,26,1,65.71,96,148
15,15,진정한 정신병자다~~,89,17,1,67.19,72,106
16,16,눈빛에 증오가득한거같음 평화로운척하고있는거같은데..혼자그림그리지말고 미술심리치료라도 받았음좋겠네,81,9,1,99.88,72,90
17,17,구혜선이 무슨 큰 죄를 안지은것처럼 이야기하는 사람들은 대체 평소에 얼마나 거짓말을 입에 달고사는거지? 허언증은 반사회성 인격장애다 타인에 공감능력이 떨어지니 자꾸 거짓말을 끊임없이 할수있는거임,76,9,0,0.73,67,85
18,18,갈수록징그럽고소름끼칩니다살다살다이런최악의연예인은처음입니다이제보니그동안안재현씨가너무너무불행하게살았다는게보이네요힘내시고좋은작품에서자주뵐수있길바랍니다,60,3,0,46.83,57,63
19,19,왜 이혼할려는지 알겠다 사람 피말리는 성격,62,7,0,3.19,55,69
20,20,미친여자 시리즈같아 ~나라도 정떨어져 도망가겠어 안재현씨 해방된다고 축하할 일인데~ 그래도 또 뭔짓할지모르니~ 긴장하시어,52,5,1,88.79,47,57
21,21,써클은 몇살까지 낄거?,50,5,0,18.33,45,55
22,22,안재현네 집에서 뭐하세요?,45,5,0,6.8,40,50
23,23,지가 올린 그 호텔 가운ㅋㅋ 이미 신혼일기때 지가 먼저 언급한거였다면서ㅋㅋㅋ 근데 그걸 불륜으로 쳐 우기는거냐?ㅋㅋㅋ 니가 주장한 치킨 뜯어먹고있는 문제의 그사진은?ㅋㅋㅋㅋ,39,1,0,0.35,38,40
24,24,예전부터 자기의 예술성을 엄청 자랑하고 싶은 건 같은데 나또한 예전부터 느낀거지만 그림이 항상 같애. 이것저것 손대는 건 많은데 제대로 하는게 없어. 차라리 하정우나 심은하처럼 제대로 배우고 하던가 그것도 아니고 10년전이나 지금이나 아직도 펜아트랍고 펜으로 그어 그린 기하학적 무늬만 가득한 그림이네. 하나도 그림세계가 달라진게 없는데 왜 전시회를 여는지 모르겠다...,36,6,0,19.51,30,42
25,25,맨날 문틈(?)같은데 끼여서(?) 셀카 찍는건가요? ㅜㅜ 이상해요... 그 털모자 색깔별로 갖고있던데 제발 안쓰면 안되나요 ㅠ 비둘기 아줌마 생각나요... 쓸수는 있는데 그거쓰면 안이쁜데 셀카 ㅠ,33,3,0,0.02,30,36
26,26,미친싸이코같아요 정신병자 같아요.왜자꾸 기사뜨나요  은퇴하지않았나요. 미저리같아요. 안재현 구혜선한테 왜질린지알게되었네요 추하다못해 안재현이얼마나힘들었을지 알것같아요왜 이혼하자했는지알것같아요,31,1,0,0.39,30,32
27,27,이런 걸로 기사로 쓰는게 문제다 이제 안보이게 기사 쓰지를 말어 관심있는 사람은 알아서 찾아보겠지,31,5,0,4.13,26,36
28,28,안재현 불쌍..고생많았네,28,5,1,61.13,23,33
29,29,어휴 들어가 봤더니 가관...잘자요 굿모닝 굿애프터눈 실시간으로 셀카 올리고 앉았음. 자기딴에는 나는 악플에 신경 안쓴다 난 쿨해 이러면서 또 쿨한척 막 올렸나본데 오히려 더 구질구질해보여 하루종일 집에 앉아서 부스스한거 세팅했다 화장했다 하면서 집에서만 옷갈아입고 셀카찍지말고 좀 나가서 사람좀 만나세요 개 산책도 좀 오래 시켜주고. 똥오줌 치워주고 집에서만 우쭈쭈 예뻐해준다고 개고양이가 행복하지도 않고. 쟤들도 좀 바깥공기 쐬주고 뛰어놀게좀 해야 스트레스도 풀리고 친구도 사귀지 맨날 누더기같은 옷만 입혀서 같이 집안에 가둬놓네 참,23,1,0,0.0,22,24
30,30,예전 안재현 잘못인줄 알때는 구혜선 sns 기사화되면 좋다고 신나게 안재현 까더니만 구혜선이 노답이었던거 드러나니깐 이젠 기자한테 왜 sns를 기사화하냐고 난리네ㅋㅋㅋㅋ위선자들 ㅋㅋㅋㅋ,22,0,0,0.01,22,22
31,31,안재현 힘내세요!! 이제 당신도 행복하시길!,25,4,1,96.49,21,29
32,32,감정기복심한 사람옆에 있어보면 그게 얼마나 주위사람 피말리는 건지 알게 됨.,23,2,0,0.49,21,25
33,33,좀 이상해보임,25,5,0,3.83,20,30
34,34,이러다 안재현이 여배우랑 대본리딩 기념샷 찍은거보고 또 난리친다에 한표~!,22,2,0,13.18,20,24
35,35,올해의 교훈 중 하나 구혜선 같은 여자 만나면 고생한다?!,22,5,0,43.53,17,27
36,36,신정환은 대국민 거짓말하고 매장당했는데 구혜선은 한번뿐만이 아니라 지금까지 끊임없이 거짓말 지어내고 오연서한테 피해줬는데도 응원하는사람들이 있네,19,3,0,23.29,16,22
37,37,"결혼으로 안재현이 이미지세탁하고 덕 많이 봤다는 사람많지만 오히려 반대라고 생각함 구혜선 결혼전엔 허언증,하는건 많은데 뭐하나 제대로 하는거 없는 애 정신병 이랬는데 결혼하고 나서 자기 않좋은 이미지 싹가림 거기에 안재현이 신서유기 나와서 구님구님 이렇게 하면서 사랑받고 사랑스러운 여성의 이미지를 심어주기도 했음 누가 이득을 본거냐고 그럼 지는 가만히있으면서 안좋은건 싹 가리고 지좋은건 다 챙겼는데",17,1,0,28.53,16,18
38,38,않그래도 연기력때문에 잘써주는데도없는데 이번일로인해 더 않써줄듯...돈이있어야 예술활동도하지...돈이없으면 감독도못하고...적당히했어야지.. 완전 미저리를 떠나서 싸패야 이건... 너의 그행동들때문에 너네부모님이 더 힘드실듯싶다. 이게 무슨 불효행동이냐,17,2,0,0.01,15,19
39,39,어떻게 저렇게 무수한 글을 지껄이면서도 사과의 의미를 담는 글귀가 하나도 없지?,15,1,1,71.7,14,16
40,40,뭐 폭로하고 비난 폭주 빡돌면 할 수 있는데 ㅋㅋ샤워가운 사진을 재킷사진으로 쓴다는 시점부터는 선을 넘었다고 봄 ㅋㅋ하루에 무섭게 똑같은 셀카 올리는 것도...ㅋㅋ보통은 상처받음 미쳤다가 이성을 찾는 데 그냥 넘어서 수습불가상태! 함소원한테 상담받은 센터 번호 좀 물어바바 진짜 위험 수준이다,15,1,0,0.0,14,16
41,41,서로의 생각이 틀려서 그런일을 겪은거겟죠...구혜선씨도 건강하게 잘 지내시길 바래요.또 다른 행복은 멀리 있지 않은듯...본인이 찾아 행복을 누르시길 기원해요,22,9,1,99.99,13,31
42,42,cjst 반복적으로 송혜교 언급하는거 보니 이전에 타여배우 기사마다 한달 넘게  어그로하던 아디가 생각나네 계속 바꾸면서 반복적인 행태 남자배우들 이혼은 물론 50 넘어도 좋다할 줌마겠지,15,2,1,85.55,13,17
43,43,나도 그맘 알지 외롭고 힘들고 sns에라도 잘사는척 하면서 얘가 보겠지? 나는 걔가 뭐하는지 너무 궁금하고 미치겠는데 뭐 그런맘이랄까. 그런데 정도가 너무 심해요.. 그만해요 남는거 없어.. 진짜로 정신과 진료 꼭 받아보셔야 할듯 위험해보임 다만 자기애는 있어서 극단적인 선택을 하실거 같진 않아보임,14,1,0,14.44,13,15
44,44,좀씻어 안재현집에서 뭐해? 안재현이 집준다는것도 니가 머물던 데서 살 마음이없어서 준단 거 같은데 연예인이 이렇게 드럽기도 드물다 ㅋ ㅋ ㅋ ㅋ ㅋ 진짜 살찐니가좋다고 합리화좀하지마,13,0,0,0.08,13,13
45,45,이렇게 보면 송혜교가 얼마나 쿨한거였나 송중기 이혼소송 혼자 내고 이미지 타격 다 받았는데 쿨하게 이혼,34,22,0,8.01,12,56
46,46,못생겼어,14,2,0,12.85,12,16
47,47,악플은 그만 솔직히 설리보다 더 심각해보이는게 구혜선씨예요. 구혜선씨 주변분들은 부디 병원에 데려다주셨으면 좋겠습니다,13,1,0,41.26,12,14
48,48,구혜선도구혜선이지만 기자님들도 은근 구혜선까는데 맛들린듯,13,1,0,44.21,12,14
49,49,아직도 구혜선 믿느니 화이팅이라니 이런 소리 하는 사람은 어그로 끌고 싶거나 재정신이 아니라서 그런거 맞지???,16,5,0,43.78,11,21
50,50,언제나 시끄러운 쪽이 구린 쪽이였다.,14,3,0,3.36,11,17
51,51,아무리 보기 싫어도 그렇게 악플 달지 맙시다 이번 설리기사보고 댓글 안쓰다가 댓글씁니다. 구혜선씨도 그러다가 이런 소식들리면 어쩔려고 그래요 다들 정신차리고 제발 아무리 자유가 있다고해도 이혼당한 시국에 사람이 정상적이게 버티기가 얼마나 힘들겠습니까 남자인 입장으로 남자는 그런거에 쉽게 극복하고 게임이나 다른 거에 더 집중이 가능합니다 하지만 여자 입장으로는 얼마나 부끄럽고 힘들겠습니까 제발 악플 달지말고 그저 품어주기도 해봅시다.,13,2,0,0.0,11,15
52,52,굿모닝.낫모닝.남의  집에서 비번  바꾸고  쳐나가지도 않고 하루종일 sns 이지랄.자유라더니 사랑안한다더니 남의 집 머물면서 모하는건지.진심.환자다.,13,2,0,1.08,11,15
53,53,자기애로 위장한 열등감 애정결핍이라 한순간 잘못 생각하면 극단으로 갈 수 있다? 부모라도 좀 챙겨라,12,1,0,25.32,11,13
54,54,구혜선에게 허세니 뭐니 해서 그냥 까려고 만든말인줄 알았는데 이번 이혼관련해서 올라오는 기사들과 사진을 보며 납득이 되버렸다. 제3자가 봐도 이해가 안가는데 가까운 사람들도 뒤에서 얼마나 욕들을 할까?  연예인이라도 조용히 지 할일만 하고 살아도 이정도로 비판받진 않았을텐데 그리고상황을 좀 구분해서 행동할줄 알아야 하는 나이일텐데 동안이라고 하는짓도 어린티를 내고 있으니. 비호감 캐릭터임은 본인의 귀책사유임이 명백하다.,11,1,0,0.0,10,12
55,55,"안재현씨가 오랫동안 소속사와 이혼준비를 해왔단걸 알게되어 배신감을 느꼈단 것도,, SNS에서 말했던 대표와의 뒷담화의 연장선에서 크게 벗어나지 않는다고 생각해요. 구혜선씨가 이혼할 맘은 없지만 변호사를 선임하여 이혼준비를 시작하였고 그걸 상대방에게 밝힌 순간 혹은 SNS에 폭로를 시작한 순간 이미 두분 사이는 끝난겁니다.서로가 서로에게 어떤 잘못을 했는지 혹은 어떤 상처를 줬는지 대중에게 아무리 말해봐야 대중은 가십거리로 여길 뿐 절대로 소통이란게 되진 않아요. 스스로를 소중히 여기는 법에 대해 생각해보세요..",11,1,1,98.48,10,12
56,56,얘도 ㄸㄹㅇ 인증!,11,1,0,17.22,10,12
57,57,머리 안감는거 보니까 정신적으로 문제가 심각해보임 우울증 심한거 같은데 진짜 비꼬는거 아니고 정신과 꼭 가서 상담 받으셨으면 함...,10,0,0,0.31,10,10
58,58,중이병도 아니고 대체 누가 저 나이에 셀카를 저렇게 찍어대고 심지어 무한 업데이트 하지?,10,0,0,6.55,10,10
59,59,얼굴이 심보를 쪼까이 써서 그런지 쪼까이 생깄닺,14,5,0,5.22,9,19
60,60,이제 그만 구혜선 안나왔으면 좋겠다도대체 왜이러는지~ㅠㅠ이제는 안재현이 얼마나 답답했으면  이혼을 하려 하는건지 알것같다~구혜선은 착한이미지뒤에 악령이 있는듯하다,10,1,0,0.42,9,11
61,61,"이게 더 또라이같다, 지금까지 해온 행동들이 일반적인 사람이 이혼후에 할 행동들이엇나? 그러고 나서 지금 태세전환한거봐라",9,0,0,17.66,9,9
62,62,.가정지키겠다고. 그렇게.   노래부르더니.   지랄발광하네.   제발 글좀.   올리지. 마세요.  조용히.    안재현처럼.    묵묵히.     이혼이. 무슨. 자랑이라고.     ~~~~~,9,0,0,13.5,9,9
63,63,난 처음부터 얘 이상한거 같다고 했는데 그때 사람들이 바람남 편든다고 뭐라하기만 했었는데,9,0,0,9.57,9,9
64,64,설리 자살했단다 니들도 여기다 악플 작작좀 쳐달아라 구혜선 지금 멘탈 제정신으로 보이냐,10,2,0,8.29,8,12
65,65,구혜선은 친구도 없나보다,10,2,0,7.81,8,12
66,66,"누가 이런 병자랑 24시간 이라도 살수있을까,,,3년이라했나,,,안씨의 고통은,,,ㅠ",10,2,1,89.8,8,12
67,67,설리랑 비슷한 심리 상태 보입니다. 주변 사람들이 잘 챙겨주세요~,9,1,1,96.91,8,10
68,68,상간녀취급받은 여배우들은 인스타폐쇄했는데 사과 안하냐?,9,1,0,5.44,8,10
69,69,구혜선씨 정신과치료가 시급합니다.,8,0,0,22.87,8,8
70,70,"기자가 안 끌고오면 그냥 개인사인거슬 굳이 가지고 오고, 그걸 이렇다저렇다 평가하고. 암튼 피곤한 일이다",8,0,0,28.03,8,8
71,71,기자님 안궁금해요,8,0,1,60.83,8,8
72,72,"개인사를 떠나 못난 얼굴은 아니었는데, 단순히 살이쪄서 선풍기아줌마 같은 느낌이 된건가..",12,5,1,73.43,7,17
73,73,구혜선씨 지인분들 잘챙겨주세요 그리거 구혜선씨는 당분간 인터넷하지마세요 제가 다 걱정돼요 ㅠㅠ,9,2,1,93.99,7,11
74,74,안재현이랑 구혜선 드라마 주연으로 처음 만났어 근데 뭘 구혜선 덕을 봤다는거야ㅋㅋ 별에서온그대에서 떴고 그래서 남주까지 했고 그 후에 만났어ㅋㅋ,8,1,1,65.91,7,9
75,75,안재현 응원한다 그동안 고생많았겠다,8,1,1,99.61,7,9
76,76,구혜선씨 적당히 하세요할일 없어서 남편 욕하나요안재현씨 폭로 보다 본인 앞으로 연기자 생활 안해요송혜교 언니보다 못하시네요,8,1,0,1.45,7,9
77,77,고소 들어가고 이혼소송 들어가니깐 불풀이 끝난거임?일을 이렇게 벌렸으면 책임도 져야지..분탕질 실컷 해 놓고는 혼자 쿨한척 그러고 있냐?이왕 쿨하게 굴꺼면 진작 하지..그나마도 있던 팬들까지 정떨졌다...,7,0,0,26.83,7,7
78,78,빠르게 해결나서 안재현 다시 웃길..,7,0,1,87.04,7,7
79,79,같은 여자지만 구혜선 많이 무섭다,7,0,0,41.04,7,7
80,80,내가 다 이혼 시켜주고싶다마 속터져라!!!!,7,0,0,6.98,7,7
81,81,나는 이사람이 너무무섭다,7,0,1,60.82,7,7
82,82,이 여자가 점점 싫어지는 이유는 두 사람 사이에 해결해야 할 이별의 문제를 자꾸만 대중들에게 어필한다는 거다.처음엔 이혼이 두 사람마다 각각의 문제가 있어 헤어졌을 거라 생각했지만 이젠 그냥 이런 여자랑 사느라 안재현 마음 고생이 많았을 거 같다는 생각이 든다.질척거림의 끝을 보여주는 여자.,10,4,0,0.1,6,14
83,83,"죄송한데, 악플이 아니고 구혜선은 안재현과 지인 및 소속사 상대로 허위 사실 유포 및 명예훼손, 사진 유포로 범죄 처벌 대상인 부분이며, 스스로 모든 것을 자초했기에 비난이 올라올 수는 있는 거예요.",8,2,1,79.87,6,10
84,84,개싸이코....무서워,8,2,0,8.91,6,10
85,85,당대 최고 여배우 심은하도 자신 굽히고 내조 잘하고 사는데~ 지가 뭐라고 억울하대,8,2,1,99.55,6,10
86,86,악플..나쁘죠 절대해서는.안될짓..입니다. 근대 구혜선씨도 그만했으면 좋겠습니다..시작은 구혜선씨가 했으니..대중들을 자기편으로 만들려고..이런저런 글 적어놓고 거짓이면 지우고 ..편들던 사람들도 정떨어지게 만들고... 이제 그만 조용히 문제해결하시고  조용해지면 또 글올리고.그런거 안했으면 합니다.,7,1,0,0.09,6,8
87,87,진짜 저 허언증쩌는여자랑 참고 살던 안재현이 불쌍하다 진짜 제대로 똥밟았네 ㅉㅉ,7,1,0,0.07,6,8
88,88,베플이 다 악플이네.; 악플좀 그만요. 그러거나 말거나 냅둬요. 좀~ 오지랖도 넓네 다들. 싫으면 관련기사 안보면 되는건데 왜 굳이 기사 눌러 들어와서는 상처받을 댓글을 다는지. 심보들이 전부다 고약해,7,1,0,18.43,6,8
89,89,허위사실 유포해서 애먼 사람들 상간남녀만들어 전국적으로 이미지추락시킨거 몰라서 묻나? 실례로 반려동물 똥오줌 한번 치워준적없다고 욕해달라 폭로하더니 안측 해명으로 밝혀진 문자내용엔 똥치웠다밥줬다 죄다 밝혀져있던데? 제출했다는 호텔가운사진도 홍보용자켓에 쓴 것도 비정상적인데 그 마저도 결혼하기 2년전이라며 진실이라도 남의 사생활공개폭로부터 이미 불법인데 허위사실이잖아? 확증없이 물증만으로 네티즌 농락하며 상대방 공개저격하는게 정상으로 보이면 어쩔수없지 그렇게 사셔평생,6,0,0,0.0,6,6
90,90,기자도 제발 그만..,6,0,0,2.77,6,6
91,91,구혜선 눈 생긴게 정말 별로임,6,0,0,0.52,6,6
92,92,남자 아파트에 아직도 사는거보니 미련이 남았나보네?  나같으면 더럽고 치사해서라도 얼렁 나오겠다~얼굴에 철판을 깔았나? 너무 뻔뻔하다~이런애들은 좋은말로 하면 말귀 못알아들어요~형사고소 하세요~,6,0,1,68.87,6,6
93,93,저 사진은 진짜 정황상 안재현한테 명예훼손으로 고발당할 수준 아닌가요? 자기 세상에만 갇혀서 여러사람 한테 고통주네. 가족은 뭐 이해하고 위로해준다지만 저런거 말려주는 친구가 없나?,6,0,0,1.45,6,6
94,94,ㅎㅎㅎ 네가 맞고 가만있을 사람이냐?,6,0,0,9.18,6,6
95,95,"미대생인데 기분 참 묘해요.. 이분이나 하연수씨나 다른 연옌분들 유명세로 미술로 잘 되는 분들,,, 나도 결국엔 유명해져야만 잘될까싶고 그냥 실력을 오지게 키워야겠네.. 아직 대학생이지만 생각이 많아지는,,,",6,0,1,99.99,6,6
96,96,눈빛이 하나같이.....,6,0,0,45.02,6,6
97,97,눈빛이 이상해....,6,0,1,92.06,6,6
98,98,살아보니 만나는것보다 잘 헤어지는게 더 중요하더라.끝이 좋아야 다 좋다..,6,0,1,50.25,6,6
99,99,"지금까지는 예고편, 안재현 드라마가 성공했을경우, 비난폭주예정.  인기없을 경우, 비웃을예정임.",6,0,0,1.78,6,6
100,100,쟤는 표정이 한결같애 웃는걸 찍은적이없는듯.저게 이쁜줄아는건가 항상 미저리같은 표정.,7,2,0,9.2,5,9
101,101,"분풀이라니...가정폭력을 당한것도 아니고,증거있는 외도정황도 없는데한때 사랑해서 결혼한 사람을그렇게까지 했어야하는지..기사에서든, 어디에서든 그만 보고 싶네요",6,1,0,4.54,5,7
102,102,이젠 사진만 봐도 이상한 사람 같이 보여 ㄷㄷ,6,1,0,3.26,5,7
103,103,아줌마 이제 본인의 인생이나 열심히 사세요ㅋㅋㅋ,6,1,0,26.19,5,7
104,104,사진들 이쁘게 나온거라 생각해서 저마이  올린걸까..?햐..미치겟다 증말.,6,1,0,24.01,5,7
105,105,사진 하나 잘못 올렸다가 사람들 다 뒤도니 바로 이제는 정 떨어져서 안 하겠다? 속보여요 진짜로.....처음에는 저도 구혜선씨 편이였어요. 바로바로 해명하고 글 올리고 하는게 아 진짜 당당하니 그런가보다 했으니까요. 근데 W호텔 사진 이후 신뢰도도 뚝 떨어졌고 이젠 마지막 발악처럼 느껴지기 시작해요.,5,0,0,0.01,5,5
106,106,안재현만 불쌍해,5,0,0,13.52,5,5
107,107,거지 같은 상황에 셀카찍고 게시물 올릴정도면 정상적이진 않지. 너무 힘들면 sns 할 여유조차 없는게 일반적이니까. 이젠 언론에 노출 되는 자신을 셀럽이라 생각하고 즐기고 있는중인듯~  내 주변인물이였으면 소름끼쳤을듯...,5,0,1,83.97,5,5
108,108,자기 얼굴에 빠져사는듯!  배경도 없이 만날 증명사진~~ㅠ,5,0,1,99.56,5,5
109,109,내가 겪은감정이랑비슷함소실적나도 이별할때 집착 원망그리고 나중에는 괜찮은척 이게 계속반복되더라내가보니깐 구혜선도 감정기복엄청심하다이런사람누굴만나기힘들다 그냥혼자사는게좋음,5,0,1,51.11,5,5
110,110,처음엔 구혜선이 안쓰럽고 불쌍했는데.. 볼수록 점점..징그럽고 뭔가 관종같고.. 믿음도안가고..ㅜ,5,0,0,1.4,5,5
111,111,오늘아침 연예뉴스에 구헤선 인스타 활동에 대해서 나오드라  일반인이 아닌 공인이기에  특히 지금상황에서 sns를 열심히       .하는게 대중들 정서에 안맞고 안좋게 보일수 밖에 없는데 이해할수가 없다고 ㅉ ㅉ 연예인  동료들이 더 이해안된다더라,5,0,0,0.23,5,5
112,112,확실해 또라이.,5,0,1,84.7,5,5
113,113,구혜선 정신병자같아,5,0,0,5.05,5,5
114,114,멀쩡한 정신만 있으면 어디든 갈수있어... 시켜줘 금잔디  명예 정신과의사,5,0,0,2.86,5,5
115,115,애쓴다 애써  정작 상대방은 관심도없는데 혼자 북치고장구치고,5,0,0,0.06,5,5
116,116,분풀이?못된년,9,5,0,12.77,4,14
117,117,구혜선씨...마음 강하게 먹고 버티세요~ 지나가면 다시 좋은날 올꺼에요....우리가족은 모두 구혜선씨 응원합니다,9,5,1,99.95,4,14
118,118,조용히 좀 살면 조금이라도 동정이 갈텐데 이뿌지도 안은 얼굴 뭣하러 자꾸 찍어서 올리는지 누가 보고싶고 궁굼하다고...하루라도 빨리 정신 차리세요,8,4,0,0.08,4,12
119,119,설리가 구혜선처럼 할말다하고 언플에 능했으면 ㅈㅅ안했겠지. 구씨 걱정하는건 진짜 괜한 걱정이다.,6,2,1,89.48,4,8
120,120,안재현이 역으로 명예훼손 걸어서 진짜 영혼까지 탈탈 털어먹었으면 좋겠다... 선례를 남겨선 안됌..,6,2,1,68.92,4,8
121,121,으아. 미저리다.,6,2,1,66.32,4,8
122,122,살이나 좀 빼라 얼굴에 심술보가 가득가득해선 날씬하고 잘나가는 오연서한테 열폭이나 하고 ㅉㅉ,6,2,0,1.17,4,8
123,123,사람이 나이를 먹으면 얼굴에 살아온 인생이 드러난다더만 어째..,6,2,1,96.39,4,8
124,124,나같은 사과하겠다. 안재현한테도 오연서 한테도.... 안재현 인스타 보니 약도 많이 먹는거 같던데... 에효 설리의 안타까운 선택으로 더 많이 슬퍼하던데.. 이제그만 용서를 빌어라,5,1,1,97.09,4,6
125,125,보통 연예인들 이혼기사도그렇고 하물며 친구들도 싸우면 여자는여자편 남자는남자편 갈리는데 ㅋㅋㅋㅋㅋㅋㅋㅋㅋㅋㅋㅋㅋㅋㅋㅋㅋ난 여잔데 남자입장 이해가긴 드문케이슨데 ㅋㅋㅋㅋㅋㅋㅋㅋㅋㅋㅋㅋㅋㅋㅋㅋㅋㅋㅋㅋㅋㅋㅋㅋㅋㅋㅋ이러니 친구가없지,5,1,0,5.59,4,6
126,126,얘 기사가 왜 상위권이야 ㅋㅋㅋㅋㅋㅋ진짜 내가 구혜선고소하고싶다 sns못하게 ㅋㅋㅋㅋㅋㅋㅋㅋㅋㅋㅋㅋ짜증나진짜,5,1,0,13.81,4,6
127,127,뭐 이런 여자가 다있는지..심하다!!,5,1,1,61.26,4,6
128,128,안재현 드라마 시작하면 다시 분풀이 재개할듯... 형사고소가 답,5,1,1,82.0,4,6
129,129,불쌍하다 저 이쁜얼굴에 안타까비,5,1,0,46.73,4,6
130,130,열심히 좀 살아라 또래들은 직장에서 땀흘리며 에너지 소비하는데  구씨는 집에서 쌜카질이네? 쉽게돈벌더니 사람들이 우습게 보이지? ,5,1,1,96.22,4,6
131,131,여론 선동짓 그만하고 둘이서 해결보고 이혼잘했으면 .. 안재현불쌍하던데 구혜선도 그만 했음 좋겠다. sns로 여론몬것 첨부터 구혜선이고 문자보면 진짜 가관이던데 그만 괴롭히고 걍 이혼잘해라.,4,0,0,0.0,4,4
132,132,구혜선씨  이제 전남편에대한모든걸  좀내려놓고  자신을 좀돌보고  추스리세요   안씨를 무너지게해서 결코당신에게도 좋을일이없을테니,4,0,1,99.7,4,4
133,133,연예기자들은 좋겠다. 구혜선이 있어서 ㅋ,4,0,1,63.89,4,4
134,134,안재현배신햇다생각했고 망칠려고작정햇엇고 안재현을소유하고싶은데 맘떠나가질수없으니 여자를주의에접근못하게 폭로하고 댓글중에 아직도안재현집에산다고  존심이바닥을치네 당장보따리챙겨 나와야할듯,4,0,0,3.3,4,4
135,135,기자님들 sns 끊으세요.,4,0,1,74.65,4,4
136,136,분풀이를 온 국민상대로 하는건 좀...너무했다...진짜...결국은 자기한테 마이너스,4,0,0,0.58,4,4
137,137,인간이길 포기하신듯,4,0,0,12.49,4,4
138,138,심리적으로 불안한 사람들이 sns같은거 통해서 자기심리 드러낸다는데 특히 자주 올리거나 프사를 자주 바꾸는등의 행위.. 딱 맞는듯...,4,0,1,99.98,4,4
139,139,이런거 중계하는 기자도 문제,4,0,1,63.38,4,4
140,140,그냥 관심종자,4,0,0,5.34,4,4
141,141,기자여 일 좀 해라. 니 할 일. 연예인이 구혜선 안재현 둘 뿐이냐 ㅋㅋㅋㅋ 이럴 시간 있으면 신인들이나 열심히 하는 연예인들 홍보나 해줘. 점심은 먹으러 가냐 매번 일 이렇게 하고 ㅋㅋ,4,0,0,0.77,4,4
142,142,구혀선은 증거사진 조작해서 사람들을 속일 수 있다고 생각했음 교활하게. 그렇게 속여서 안재현 억울하게 파멸시킬려고 난 점점 구혜선이 ㄸㄹㅇ라기 보다는 정말 교활하고 악하다고 여겨짐 형사고소만이 구혜선을 멈추게 할 수 있음,7,4,0,2.35,3,11
143,143,이 기사 내려라기자야 악플로 설리가 죽었다구혜선이도 죽이고 싶냐아래 악플러들 장난 아니네 제발 연예인들 냅둬라,5,2,0,8.3,3,7
144,144,구혜선 한테는 악플 자제 합시다 설리처럼 될까 걱정이네요,5,2,1,95.48,3,7
145,145,악플은 달지 말자... 설리 기사 보고 괜히 걱정된다...,5,2,1,85.93,3,7
146,146,구혜선 건들지마라 사연없는 사람이 있더냐 부디 아무말도 하지마라,5,2,0,14.26,3,7
147,147,재현아.. 고생했다.,5,2,0,9.66,3,7
148,148,저 눈깔이 누가 정상으로 보겠냐,5,2,0,19.24,3,7
149,149,그만좀 해라 진짜 찌질 하게 여자 망신 다시킨다 싸이코 패스 진짜 짜증난다,4,1,0,0.22,3,5
150,150,악플들 다 콩밥 처먹엇으면,4,1,1,87.7,3,5
151,151,사진만 봐도 이젠 소름끼친다 그냥....,4,1,0,49.68,3,5
152,152,동물들이 표정이 어두워..얼마나 지옥같은 삶일까...동물단체들은 구혜선에게서 동물들을 구출하라!!,4,1,1,97.43,3,5
153,153,아무나 그림그리는거 아니에요!되는대로 그리면 art되는거 아니구요.더구나 정신이 온전치 못한사람이 그리면 그냥 낙서에요,4,1,0,48.1,3,5
154,154,sns가 외로움과 공허함을 채울수잇는 유일한 공간이라 절대 끊진못하지 애말고도 병적으로 집착하는 젊은 여자들 요새 너무 많다. 거의마약중독수준이던데,4,1,1,99.97,3,5
155,155,사진이 너무 혐오스러움.ㅠㅠ 사진하고 실물하고 그렇게 다르다는데..실제로는안예쁘다고,4,1,1,58.1,3,5
156,156,망가진건 너같은데??? 처참히??,4,1,0,0.71,3,5
157,157,애얼굴보면   방구   젖꼭지만  생각난다  또라이,4,1,0,12.04,3,5
158,158,어휴.. 고약해보인다,4,1,0,3.79,3,5
159,159,기사가재탕삼탕매일매일 이러고뭘급받는거 쪽팔리지?분풀이를하던 하소연을하던 그건 구혜선맘인데 니들이뭐라고 욕을하냐?기사내달라는것도아니고개인sns에하는건데,4,1,0,0.01,3,5
160,160,잠정 은퇴하시겄다면서요.. 아 조나 꼴뵈기 싫다 진심,4,1,0,1.89,3,5
161,161,병원에가봐야할텐데안타깝다,4,1,1,50.26,3,5
162,162,그만해요,4,1,0,3.05,3,5
163,163,웬지 멈춘것도 변호사한테 경고 받아서 멈춘거 같다 분풀이가 끝나서 이런 이유는 아닌듯..,4,1,1,75.94,3,5
164,164,눈빛이 예사롭지가 않다. 매일본 사람은 정신병이 올거 같은데 안재현 고생좀. 햇을듯,4,1,0,7.48,3,5
165,165,기자들이 제일 문제야 .. 악플유도 ..,3,0,0,28.26,3,3
166,166,"구혜선 ,  안재현 , 여배우 등 악플 남기지마세요~",3,0,1,58.38,3,3
167,167,구혜선 하는 짓은 진상인데.... 그래도 진심 죽진마라!!부부사이 그야말로 당사자만 알 수 있는 얘기고 너도 뭔가 억울한게 있으니 그렇겄지... 상돌아이로 살더라도 귀한 목숨 딴 생각은 말았음한다. 그리고 악플러 니들도 여기저기 똥 좀 그만 싸고다녀라,3,0,0,0.0,3,3
168,168,제목보소.분풀이라니...기레기,3,0,1,74.47,3,3
169,169,사람이 눈빛이 변했네...,3,0,1,95.85,3,3
170,170,아주 안친한 친구도 이정도면 글쓸 시간없게 전화는 한다. 진찐 힘들 때 들어줄 맘먹고 전화하는 친구 하나는 있다. 것도 없나? 진짜 외롭겠네.,3,0,0,29.02,3,3
171,171,구혜선vs정경심vs공지영3대 트로이카,3,0,0,20.84,3,3
172,172,자고일어났는데 눈에 써클렌즈가ㅋㅋㅋ 할머니되서도 끼고있을거같은,3,0,0,5.15,3,3
173,173,얼짱출신이라 할줄 아는게 이것밖에 없음 얼굴내밀기,3,0,0,26.91,3,3
174,174,이런글  올러주는 기레기  때문에 지가 머 되는줄 알잔ㅅ어,3,0,0,14.01,3,3
175,175,이젠 무서울 지경이다ㅜㅜ,3,0,0,12.61,3,3
176,176,관종도 이정도면 병이다,3,0,1,90.81,3,3
177,177,여러사람 망가뜨려 정신피폐해지네 너랑 재혼할 남자가 벌써 불쌍해진다 정신병자,3,0,0,0.76,3,3
178,178,얘 가족 지인들은 왜 케어를 안하지? 말을 안들어 처먹는건가?SNS만 좀 안하게 해도 좋겠고만,3,0,0,5.81,3,3
179,179,여론으로너무 몰아가지말자  개인 인스타를 무슨  먹잇감처럼 퍼다날라 기삿거리로 내어두는것도   좀아닌것같다  파탄의귀책사유는   법원판사가 판결내리는거고  남의부부사생활이  종착지점에다다른만큼  그들일은 그들이해결할거라생각한다,3,0,1,97.91,3,3
180,180,부모님 생각 좀 해라. 철딱서니 없는 것아.,3,0,0,2.26,3,3
181,181,이틀동안 8개 게시하면 친구라도 질리겠다. 얘는 SNS만 하고 사나.,3,0,0,36.54,3,3
182,182,오죽하면..얼마나 억울했으면 ..이라고 이해해 주고 싶지만 ..현장을 모르는 것두 아니구드라마 제작진.여배우들 .그나마 당신편이 되어주려던 대중들 모든 이에게 피로감을 안기면서 본인 감정만 푸는건 아닌거 같아요좀 더 현명했더라면 좋았을텐데  ..아쉬움이 크네요,3,0,0,0.02,3,3
183,183,그러게 적당히 애지간히 하지. 상식적인 사람들이 보기엔 구씨 행동이 단순 분풀이였다.,3,0,1,85.82,3,3
184,184,그만해라 어디까지 망가지려고 그러니..이럴수록 너만 욕먹어,3,0,0,0.39,3,3
185,185,질린다 진짜,3,0,0,23.63,3,3
186,186,그만보고싶다,3,0,0,0.66,3,3
187,187,ㅋㅋ저렇게 이뻐도 저런 성격이면 같이 미치게됨 불행해질듯,3,0,1,87.57,3,3
188,188,sns가 얼마나 ㅂㅅ같은 것인지 정말 잘 알게 해주는 사례,3,0,0,9.42,3,3
189,189,저거를 대기하면서 세고 앉은 기자들도 웃긴 건 매한가지...,3,0,0,6.94,3,3
190,190,그래 일에 집중하고 활기차게 생활하면좋아지겠지몸도 마음도 건강해지길~,3,0,1,98.81,3,3
191,191,참 안됐다... 그 정성으로 본인 부터 챙기세요 ㅉㅉ,3,0,0,0.78,3,3
192,192,암만 sns 해봤자 안재현은 안 돌아옵니다.,3,0,0,9.01,3,3
193,193,구혜선 정말 이해가 안가기는 하는데 기자 너도 또라이 사람들이 댓글 달아주니까 신나서 퍼오기 이제 나도 다른 사람들도 식으면 얼마나 서운할꺼 다른 연예인 퍼오는 일 하겠지? ㅋ,3,0,1,59.67,3,3
194,194,눈좀 제대로 뜨지.....허공에 뭐 매달았나?,3,0,0,5.04,3,3
195,195,무표정한 얼굴이 우울해보인다 걍 그런 사람인갑다 얘는,3,0,0,0.41,3,3
196,196,언니~ 그렇게 사세요! 사는게 이기는 거예요!  눈 똑바로 뜨고 그보다 더 오래오래 사는게 이기는 거예요. 너무 힘들면엉엉 우세요! 오늘 무너지더라도 내일은 다시 또 사세요! 그렇게 버티고 이겨내세요~,6,4,1,100.0,2,10
197,197,안재현아 초반에 너를 욕해서 미안했다 그동안 저런 또라이랑 사는게 얼마나 고통이었니?,6,4,0,31.13,2,10
198,198,허위사실유포 전문기자  정유진  또 시작이네 ㅎ,6,4,1,64.47,2,10
199,199,누가 잘못했던지 간에 둘이서 해결하면 될것을 구혜선은 기사로 통해서 언급한 자체부터 마음에 안듬,5,3,0,0.22,2,8
200,200,더럽고 역겨워,5,3,0,2.65,2,8
201,201,진짜 보는 나도 이렇게 질리는데 안재현은 오죽할가싶다,5,3,0,26.6,2,8
202,202,설리 기사 보고 나니.. 구혜선씨 건강하게 행복하게 살았으면 좋겠네요..,4,2,1,98.89,2,6
203,203,아니 돈못번다고 집 갖고간거아냐? 왜 이러시나 당신때문에 신서유기7에 못나오는 안재현이 개불쌍하네,4,2,0,8.26,2,6
204,204,정신병자인듯,4,2,0,9.03,2,6
205,205,심심하시면 왕진진 한번만나보세요,4,2,1,71.38,2,6
206,206,악플들 봐라 기레기야 또 누구 죽을때까지 올려라 계속,3,1,1,98.99,2,4
207,207,넌 좀 입좀 쳐닫아라,3,1,0,14.43,2,4
208,208,진짜 악플 좀 달지 맙시다!!!!! 아무리 강철심장 갖고 있어도 본인 싫어하는 말에 아무렇지도 않을 사람 없어요.,3,1,0,33.53,2,4
209,209,갑자기  은퇴선언하고 그러더니  그담날 바로  인스타질ㅋ,3,1,0,4.51,2,4
210,210,정신병자,3,1,0,7.56,2,4
211,211,정신좀차리고 사세요.,3,1,0,8.01,2,4
212,212,이젠 그냥 정신이상자로만 보임,3,1,0,8.47,2,4
213,213,미국 같았으면 진즉 정신병원에 집어 넣었을것 같은데 우리나라는 참 좋아 특히 여자들한테는 천국이여.,3,1,1,98.46,2,4
214,214,ㅋㅋㅋㅋㅋㅋ 혼자 집에서노는 싸이코여자애ᆢ그러구싶니? 제발조용히좀 살아라ᆢ은퇴를 하던가ᆢ,3,1,0,3.4,2,4
215,215,정신병자 미친3년 남 피해주고 태연하네 싸이코냐?,3,1,0,4.02,2,4
216,216,하루 빨리 안재현씨 좋은 여자 만나세요ㅋㅋㅋㅋ인스타에 새디스트형 관종 머리 떡진 한가한 분 지우시고~~~~~~,3,1,0,28.99,2,4
217,217,조심해야됨 언제 또 갑자기 헛소리할지 모름 ㅋㅋ,3,1,1,66.57,2,4
218,218,남자쪽의 안전이별을 기원해보긴 첨이네...  안재현씨 부디 안전이혼 하시길 바랍니다.  법대로 하세요.,3,1,0,24.28,2,4
219,219,치료가 먼저인듯... 상담 받아봐,3,1,1,54.3,2,4
220,220,관종,3,1,1,56.32,2,4
221,221,눈빛이 정상 아님,3,1,1,92.6,2,4
222,222,기자새끼가 썩을놈이네 제목 꼬라지봐,2,0,1,85.01,2,2
223,223,"악플달면 기분이 좋은가요?기자님아,이런거 기사내보내면 기분좋은가요?이런걸로 돈벌어 좋은가요?기자라는 직업...거저받은건가요?힘들게 얻은 기자라는 직업...좋은곳에 활용하시길",2,0,0,2.96,2,2
224,224,"안재현, 촬영중 여배우한테도 악플달지마라..이제...",2,0,1,53.78,2,2
225,225,악플달지마세요. 간접살인하지 마세요. 기자님 사람 상처주면서 버는 돈이 달콤합니까? 그게 진짜 기자가 맞나요,2,0,1,97.34,2,2
226,226,악플 달 시간들 있으시면 선플 좀 다세요. 그리고 좋은 말 안 나오면 차라리 침묵하세요. 왜 본인들의 스트레스를 연예인들에게 풀어요. 이들도 결국에 우리와 똑같은 상처입고 맘 아파하는 사람들이예요.,2,0,1,98.05,2,2
227,227,악플좀 달지마라 제발,2,0,0,39.47,2,2
228,228,sns는 사람 인생을 망친다결국 과대 피해망상에 혼자 자폭하는거잖아이와중 안재현은 그저 해명할건 해명하고 구혜선이 저러는짓엔 그저 가만히 있었다,2,0,0,0.94,2,2
229,229,관종에게 먹이를 주지 마시오.,2,0,0,44.28,2,2
230,230,호텔 저 여성은 무슨 죄야,2,0,0,14.06,2,2
231,231,지금 인스타나 SNS할때가 아닌 것 같은데...,2,0,0,26.83,2,2
232,232,야도 재정신 아니고만!!!  피나는 몸부림 딱하다!!!,2,0,0,4.53,2,2
233,233,본인 기사 댓글들 하나하나 다 읽고 있을껄. 개씹소름.,2,0,0,8.37,2,2
234,234,기자도 이제 그만하셈,2,0,0,14.74,2,2
235,235,와 c8 싸이코패스네,2,0,0,47.64,2,2
236,236,댓글이 없어야 더이상 뭐든 안올릴 사람 같아요.싫든 좋든 달지 맙시다.,2,0,0,10.29,2,2
237,237,안재현 전생에 나라를 구했구나  이상한사람한테서 탈출했으니,2,0,1,82.89,2,2
238,238,그만들 하자 마음이 아픈사람들 참 많자나.... 그냥 무관심이 답인거 같다....,2,0,1,89.23,2,2
239,239,아 갈수록  눈이 무섭게 느껴짐...,2,0,0,11.59,2,2
240,240,그래 집착도 사랑의 마지막 단계중 하나다. 고만하고 니인생 살자.,2,0,1,94.74,2,2
241,241,진짜   상또라이,2,0,0,11.71,2,2
242,242,정 만날사람 친구가 없으면 왕진진 면회라도 한번 가보슈 아님 미국 놀러가서 유승준을 만나고 오든가 코드 잘 맞을거 같은데.,2,0,0,45.29,2,2
243,243,진정...........ㄸ!ㄹ!ㅇ!,2,0,0,49.07,2,2
244,244,병원가서 상담이나 받아라,2,0,0,11.13,2,2
245,245,정신과 치료나 좀 받아,2,0,0,22.04,2,2
246,246,실연 당한 뒤에 남자 보라고 미친듯이 잘사는 척 sns 올리던 20대 초반 생각나네ㅋㅋ,2,0,0,25.69,2,2
247,247,눈에 초점도 없고..갈수록 정신병자 필,2,0,0,4.73,2,2
248,248,그냥 생긴 얼굴이 아깝네. ... 미친여자,2,0,0,6.05,2,2
249,249,저호텔 이년전에 없어진 호텔가운...;; 그걸 알고 글살튀한거지 ㅋㅋㅋㅋ 분명 전 여친이라고 신혼일기 거기서도 말했었는데..;;,2,0,0,0.54,2,2
250,250,마약했니  눈이 왜이래,2,0,0,9.26,2,2
251,251,모든셀카들 눈빛이왜저래,2,0,1,88.44,2,2
252,252,아직 도 안재현씨 보고싶은갑다진짜보고싶고 궁금한갑다! 재현씨를볼수있는매체가없으니 그러하겠지?혜선씨는 재현씨한테자기근항을알려주는것같은데?재현씨가궁금해할까?ㅉㅉ측은하네~~~,2,0,1,94.27,2,2
253,253,예쁜게 다는 아니구나...,2,0,0,37.94,2,2
254,254,기자님도 구혜선기사 그만~~피로해요,2,0,0,11.55,2,2
255,255,나도 이제 너한테 맘돌아섰다...그만해라 미 친,2,0,0,1.26,2,2
256,256,병원가봐야 할듯,2,0,0,9.42,2,2
257,257,얘는 좋게 봤더니   이상한 사람이네,2,0,0,1.85,2,2
258,258,"남자 페북질 대마왕 조국.여자 페북질 대마왕 구혜선..조국스럽다.언행불일치,나르시즘",2,0,0,28.06,2,2
259,259,진짜 정신병있는거같네,2,0,0,22.23,2,2
260,260,제목 꼬라지하고는.....기자 꼬라지가 어떤지 알것같네...심뽀드럽게 썼구만..난 이편도 저편도 들기싫지만 기자는 욕해주고싶다,2,0,0,0.73,2,2
261,261,무서운 여자..,2,0,0,47.98,2,2
262,262,제목 수준하고는,2,0,0,8.94,2,2
263,263,하루에 12개씩 쓰는 인플루언서도 있는데....참..,2,0,0,45.5,2,2
264,264,냥: 얘 제정신아니야,2,0,0,5.62,2,2
265,265,공포 그 자체네요,2,0,1,52.27,2,2
266,266,안재현이 조용히 있는 이유는 튀면 이혼 안해줄까봐...구혜선 마음도 이해감..다 부셔버리고 싶겠지..일방적으로 한쪽만 끝내려 했으니까  악만 남아서 저지경까지 옴,6,5,0,0.03,1,11
267,267,너무 사랑해서 때렸어요 랑 뭐가 다르냐 페미들 노답이네ㅋ,4,3,0,1.53,1,7
268,268,정유진기자 소속사하고 무슨관계지,4,3,0,32.38,1,7
269,269,진짜 정떨어진다 ㅡㅡ 토나와 같이 사는 사람은 얼마나 소름끼쳤을까?.. 세상 짐 혼자 다 짊어지고 사는것도 아니고 왜저러냐 진짜싫다,3,2,0,14.23,1,5
270,270,그냥 보기싫으면 클릭을 하지마세요.악플달지말고.이 세상이 어디 다 자기입맛대로 살수 있던가요?하물며 본인과 다른 사람인데.. 자세히 알지 못하면 욕도 하지 마시고 클릭도 하지마시고 그냥 다른 기사나 보세요!,3,2,0,15.02,1,5
271,271,구혜선누님살인자입니다,3,2,0,18.76,1,5
272,272,안재현도 활발하게 활동해라. 잘된거지 이혼하고 각자 성공하면 됨.서로 성공하고 행복하고 좋은 사람 만나고,3,2,1,99.17,1,5
273,273,아직도 여초 아줌마들 감정이입해서 안 변심탓하며 시녀짓 하더라... 에휴...,3,2,0,1.31,1,5
274,274,.속이깊은 안재현이네^^,3,2,1,87.35,1,5
275,275,진짜 안재현이 불쌍하다 싶은데 이제는,3,2,0,44.16,1,5
276,276,와..진짜 대단하네안재현 진짜 이해된다..,3,2,1,93.01,1,5
277,277,구혜선씨 정신병원 가세요..,3,2,0,6.52,1,5
278,278,기자들이 살인을하네,2,1,1,86.27,1,3
279,279,기자부터가 인성이...ㅉㅉㅉ,2,1,0,0.32,1,3
280,280,악풀은 그만. 악풀의 결론이 뭔지 아시잖아요..제발그만,2,1,0,1.73,1,3
281,281,혜선 요즘 많이 힘들텐데씩씩하게 살아줘서정말 고마워요앞으로도 혜선님 있는 그데로 보여주면서 살아줘요.그것이 가장 아름다워요누구의 와이프가 아니 혜선님 그 자체많으로 아름다워요~♥♥♥,2,1,1,100.0,1,3
282,282,악플 어지간히들 달아라... 이친구도 정신적으로 불안해보인다..,2,1,0,6.45,1,3
283,283,이분 설리처럼 극단적인 선택하는거 원하지 않으면 이젠 악플 멈춰주세요,2,1,1,87.92,1,3
284,284,구혜선도 위태로운 상태인 것 같다 ㅜ.. 의지할 곳이 sns밖에 없어서 그런가 ㅠㅜ,2,1,1,99.98,1,3
285,285,고만하자 이러다 얘도 가겠다...SNS만 끊어도 본인을 심신이 평안할텐데 참..,2,1,0,1.84,1,3
286,286,안재현님 이혼하시고 얼른 좋은사람 만나세요,2,1,1,94.91,1,3
287,287,구혜선에게서 미저리의 냄새가 난다,2,1,1,83.49,1,3
288,288,부탁합니다.제발 부탁합니다.저사람들에 대한 기사 올리지 말아주세요 관심없어요 제발 제발 제발 부탁합니다. 역겹습니다.,2,1,0,3.02,1,3
289,289,구짱 지금 심리는 상당히 외로워 보인다. 막상 결론이 나고나면 우울감이 더 휘몰아칠거다. 감정 싸움에서 이기고 싶어하지만 안씨의 대응이 너무 차분하기에 이겨도 이겼다는 기분도 안들것이다. 밝게 보이고 싶어하는 기본적인 심리다. 그냥 이쯤에서 그냥 안씨 놓아주는게 본인에게 좋을것이다.,2,1,1,100.0,1,3
290,290,분풀이? 사람 매장해놓고 분풀이? 역으로 파묻혀서 길바닥에 나앉아봐야 내가 한게 분풀이가 아니라 인격살인이었구나 하겠네 제발 눈에 안띄게 쥐죽은듯이 살았으면,2,1,0,2.34,1,3
291,291,그만해라 이제는 안재현 잘못이었다해도 니가 더 싫어질려그래,2,1,0,1.2,1,3
292,292,이런! 미친x,2,1,0,27.54,1,3
293,293,진짜 치료가 필요하다 이여자,2,1,1,88.23,1,3
294,294,불쌍..  이혼하당하는 입장.에서 한때 좋았던때도 있었을껀디.  자존심은 지키고 싶고. 이혼은 하기 싫고. 글타고 같이 살긴 힘드니.   감정이 오락가락하것지...  야도 보이는게 다네.. 성격이  ㅉㅉㅉ,2,1,0,0.01,1,3
295,295,진심 안재현이 보는눈이 없었다ㅜ이쁜여자보다 마음을 봐야는데 ㅉㅉ,2,1,0,47.41,1,3
296,296,안재현이 어떤 사람인지 잘 모르지만 구혜선씨 뒤끝 무섭네요,2,1,0,5.91,1,3
297,297,저 정도면 ㄹㅇ 심각한 병임; 근처에 병원 알려드려야 될 듯,2,1,0,2.55,1,3
298,298,도른자같다...무서워요......  은퇴한거 아니였음?  ....  무표정얼굴 매일 ...안물 안궁..인데 앵간히 하고 조용히지내여 ㅉ,2,1,0,9.79,1,3
299,299,아 진짜 지겨워,2,1,0,1.96,1,3
300,300,조국같다,2,1,1,87.68,1,3
301,301,미쳐가나보네 ㅋㅋ 맨날 얼굴사진은 왜올려?,2,1,0,15.73,1,3
302,302,이제좀 가엾다.. 여러모로,2,1,0,4.58,1,3
303,303,자기가 봐달라고 올리고 나같은 사람은 이런 기사보고 이혼하는것도 알게됬는데 기자가 제할일 하는구만 기자보고 ㅈㄹ하는건 뭐지?,2,1,1,97.59,1,3
304,304,제정신이 아닌듯,2,1,0,10.29,1,3
305,305,무섭다 이젠..,2,1,1,63.31,1,3
306,306,미저리,2,1,1,56.32,1,3
307,307,ㅂㅅ,2,1,0,2.76,1,3
308,308,정상은 아닌듯...,2,1,0,10.1,1,3
309,309,본인이 사진을 올리든말든 관심끄세요8자을 올리든 100장을 올리든 뭔관심사진올리는것도 이슈화시키나,2,1,1,81.6,1,3
310,310,난 이해가 안가는게.. 보통 불특정 다수가 피해를 볼 수 있는 발언을 해서 그 사람들이 약까지 먹고 있으면 사과를 해야 정상 아니냐.. 안재현이야 뭐 그래 미워서 그랬다치지만 경솔한 발언으로 마녀사냥 당한 여배우들한테는 대체 왜 아무 말도 안하냐,1,0,0,0.23,1,1
311,311,내 개인적인 생각으로...  기사를 인터넷으로 누구나 본인 주관적인 생각으로 써버리니  ..  이런 힘든 세상이 아닐까 옛날처럼  인터넷 뉴스가 아닌  신문이었으면 ..    설리님이  살아있지  않을까..,1,0,0,36.66,1,1
312,312,인스타내용을 기자가 퍼서 기사화시키는거 그만좀하죠이제? 이러니까 연예인 사생활뿐 아니라 그날의 감정하나하나를 전국민이 알잖아요 팬 아닌사람도 많은데 억지로 다 보잖아요 기자본업에 충실하려면 직접 발로뛰면서 취재하세요 sns퍼나르지말고. 당신네들 인스타사진 글 누가 다 퍼서 기사뿌리면 좋겠어요?,1,0,0,0.14,1,1
313,313,어찌된일인지 당사자들만 알일인데 ... 안재현도 분명 잘못이 있을테고 구혜선도 잘못이 있겠지만 이제라도멈추고 잘 마무리 하시길 그리고 도넘는 악플 ....단속좀 해주세요 ㅜㅜ 연예인 악플 사망 비보 ....무서워요 ....,1,0,0,19.34,1,1
314,314,OOO 욕하다가 살인사건 이후에 갑자기 정의의 사도 빙의하는거 역겹네 장애련들,1,0,0,3.61,1,1
315,315,이런 기사 좀 그만써라 이것들아,1,0,0,16.95,1,1
316,316,악플달지마세요 보기싫으면 그냥뒤로가기해주세요..악플달지마요ㅠㅠ,1,0,1,87.34,1,1
317,317,ㅈㅅㅂㅈ,1,0,1,56.32,1,1
318,318,악플달지마라... 그냥 두자 알아서 살겠지,1,0,1,68.59,1,1
319,319,기래기도 사람죽이는데 한몫하지사람죽이는 악플러 기레기들 정신차려라나중에 니들 다 돌려받아라 제에발...,1,0,0,0.97,1,1
320,320,정유진 기자 눈여겨보고 있습니다.,1,0,1,89.81,1,1
321,321,정말 궁금해서 그러는데 여자는 셀카 안찍으면 자신의 존재가 사라진다고 생각하나요?,1,0,0,2.36,1,1
322,322,눈이 풀렸다. 정신줄 잡아요. 부디,1,0,0,47.84,1,1
323,323,다들 그러지 않나? 아무렇지 않은척... 나 겁나 잘 지내고 있다구~ 하면서 티내고 글 여러게 올리고... 마음은 울고... 다한번씩 경험 있을텐데 왜 이런걸 기사로 쓰냐?,1,0,1,99.99,1,1
324,324,타인의 인생을 망가뜨릴 권리가 있다고 생각하나,1,0,1,91.5,1,1
325,325,설리사망? 진짜?,1,0,0,12.31,1,1
326,326,조민아 대를 이을 새로운 관종 등장,1,0,1,82.1,1,1
327,327,그만나왔으면...,1,0,0,2.85,1,1
328,328,"【그러나 문제의 '호텔 사진'이 이미 일파만파 커졌고, 해당 사진을 두고 누리꾼들은 구혜선-안재현 이혼 귀책 사유를 추측하고 있다】<--- 어느 누리꾼들이? 대체 누가 그러는지 궁금하네. 이거 쓴 기자는 대체 어디서 그런 소릴 들었지?",1,0,0,8.9,1,1
329,329,같이 사는 동물들에겐 잘해주겠지만 이슈거리로 이용하지 않았으면.,1,0,1,50.68,1,1
330,330,불쌍하다,1,0,1,87.11,1,1
331,331,이제정말그만하시길,1,0,0,9.86,1,1
332,332,와 진짜 무섭다 저정도면,1,0,1,73.74,1,1
333,333,얘는 먼정신병있냐???  ㅡㅡ,1,0,0,4.89,1,1
334,334,은퇴하시고 꼭 병원가보세요~,1,0,1,53.53,1,1
335,335,어쩌다가 이런애랑 결혼까지 했던걸까??,1,0,0,5.26,1,1
336,336,집착증 있는듯,1,0,0,6.15,1,1
337,337,이정도면 정신병 아님?,1,0,0,20.3,1,1
338,338,성인ADHD... 뭘 하지 않으면 못 견딤...,1,0,0,15.91,1,1
339,339,눈이 풀렸어요ㅠㅠ그런 모습 좋아보이지 않으니 사진  좀올리지말길  그리고 기자양반 이런 기사 보기싫으니 기사도 좀  올리지마,1,0,1,98.53,1,1
340,340,이젠 집착의 대상이 바뀌었나보네. 일반인들에게 강요질에 집착 시작.,1,0,0,0.45,1,1
341,341,참으로  기구한 팔자다...,1,0,0,15.34,1,1
342,342,안재현 드라마 시작하면 또 미쳐서 난리칠것같은데 으 무섭다;;,1,0,0,1.41,1,1
343,343,기자밥줄이라고 할수있음,1,0,1,74.32,1,1
344,344,아 자꾸 얘만 보면 젖꼭지 밖에 생각이 안 나.ㅋㅋ,1,0,0,17.1,1,1
345,345,운동도 하고 더 예뻐지고 여행도 가고 즐겁게 보내삼 #~,1,0,1,95.31,1,1
346,346,신혼일기를무척재밌게봤다참이쁜부부구나부럽기도했는데..진심다른이의도움을좀받길..,1,0,1,99.99,1,1
347,347,아니 안재현은 드라마촬영장에서 혼자 외롭게 있는사진만 뜨는데 구혜선은 이혼소송 중이면서 자기 잘 사는척 괜찮은 척? 소송결과 나오지도 않았는데? 상대방에 대한 배려가 없는 것 아닌가?,1,0,0,0.64,1,1
348,348,하아.. 구혜선은 이혼한 내친구랑 성격이나 하는짓이 똑같음..옆사람 다 질리게 만드는 통에 내친구지만 이혼하자고 나선 남자가 이해 가더라는..,1,0,0,0.88,1,1
349,349,언니 그냥 잘 살아요,1,0,1,96.12,1,1
350,350,가만히있었으면 이렇게까지 욕 안먹었을텐데..,1,0,0,20.71,1,1
351,351,지얼굴은왜캐찍어올리는거야~~ 흐미 진짜 왜저래~~눈빛맛이갓네~~~,1,0,0,10.77,1,1
352,352,많이 본 뉴스 1위.  이렇게 많이들 보니  기자도 어떻게 안쓰겠어?,1,0,0,2.17,1,1
353,353,어지가니해라,1,0,1,69.01,1,1
354,354,저렇게 맘 못잡는거 보면 이혼이 생각보다 더 힘들일인거구나 싶기도하고.. 여튼 어여 떠난사람 놓을수 있길!!,1,0,1,99.72,1,1
355,355,무섭다야,1,0,1,63.93,1,1
356,356,보통 기질이 아닌거 같다 구혜선 아님..안재현의 통보에 정말 미텼거나  ㅠㅜ,1,0,0,3.49,1,1
357,357,진짜  이 얼굴 좀 안보고싶다.   플리즈 기자님,1,0,1,68.7,1,1
358,358,댓글 비중이 30대 여자가 많다는걸 알 수 있습니다. 네 그렇다구요.,1,0,1,81.1,1,1
359,359,재환이가   고생했다    이   정도일줄이야     병원치료가    필요한듯,1,0,1,75.69,1,1
360,360,정말 좋아했던 배운데  요즘 하는거 보면 정상은 아닌듯 말과 행동이 다르고  증거가 있다면 확실히   밝히면 좋겠다  폭력 외도  말만하고,1,0,1,94.27,1,1
361,361,이런건 고소해야돼. 이게 뭐하는 미친짓거리야 하루가 멀다하고. 네이버 뭐하자는거야? 이러다가 길거리에서 사람들한테 돌맞아야 정신차리지.,1,0,0,0.82,1,1
362,362,독이  오른  눈 은  안  이쁘다,1,0,0,1.67,1,1
363,363,기사화하지 말아주세요. 이렇게 많은 댓글들 반응 좀 보세요. 더 욕먹이고 싶은 마음이 아니면 제발 그만 좀.,1,0,0,29.03,1,1
364,364,인스타 가보세요 시녀들 겁나 많음ㅋ,1,0,1,95.99,1,1
365,365,아줌마 작작 나와유,1,0,0,3.51,1,1
366,366,그만해라 쫌,1,0,0,1.94,1,1
367,367,뭐든 이거 재판하면서 끝내면 될것을 어차피 헤어지면 남인것을 ㅡㅡ송송 커플이 현명했네,1,0,0,34.49,1,1
368,368,아직 하두리 시절 사진법을 못 잊은듯,1,0,1,76.07,1,1
369,369,진짜 별루다,1,0,0,0.22,1,1
370,370,불안하다. 누가 그녀를 잡아줬으면.....,1,0,0,45.2,1,1
371,371,아지매요,1,0,1,66.03,1,1
372,372,기자분들아.....이제 제발 이런 기레기 기사 좀 그만 올려라. 제 정신도 아닌 인긴들을 자꾸 다뤄주니까 즈그들이 뭐라도 되는양 궤변들을 주장하지ㅉㅉ아예 신경 꺼버리고 관심 자체를 주지 않으면 제 풀에 포기할것을ㅉㅉ,1,0,0,0.08,1,1
373,373,분풀이가 아직 끝나지 않았다에 1표~~ 곧 또 올라올거임~~ㅉㅉ,1,0,0,36.61,1,1
374,374,sns하는건 구혜선 자유이긴한데 굳이 기사로 쓰는 기자는 뭐냐... 시도때도없이 구혜선 sns탐방하냐?,1,0,0,0.47,1,1
375,375,인간아 정신차려라,1,0,0,34.97,1,1
376,376,이제 그만~~,1,0,0,1.5,1,1
377,377,의식이 흐르는대로 사는듯....,1,0,1,60.06,1,1
378,378,관종이 관종짓 하네,1,0,1,52.87,1,1
379,379,"사람은 눈 모양이나 색깔이 아니라 눈빛, 눈동자가 중요한거 같다. 그래도 도가튼 교묘함에 당하긴 힘들지. 어떻게 분간을 하겠냐..",1,0,1,87.97,1,1
380,380,제발  구혜선씨  글  올리지  맙시다,1,0,0,6.68,1,1
381,381,정말 미쳐버렸나?,1,0,0,9.97,1,1
382,382,언제  또 돌변할지 모름,1,0,1,77.67,1,1
383,383,구혜선이 좀 이상한것 같다. 이제는 sns를 그만했으면 좋겠다.,1,0,0,6.95,1,1
384,384,진짜 페미들이 밀어주는건가?  그닥 별로 관심도 없는데. 어지간히 기사 써올리네.,1,0,0,2.48,1,1
385,385,이제 기사화 그만하자. 지겹다~~ 구는 이때다싶어 책홍보 음반홍보 미술품홍보 ㅋ,1,0,0,0.06,1,1
386,386,둘다뭐 ㅋㅋ 그냥 잘들 사세요,1,0,1,91.58,1,1
387,387,그만해라... 다 알고있다. 기사도 그만 내보내고 당사자들도 새출발해라,1,0,0,0.8,1,1
388,388,정신과 치료를 진지하게 한번 받아보세요..,1,0,1,57.0,1,1
389,389,기사 좀 그만..,1,0,0,5.39,1,1
390,390,잉ㅋㅋㅋㅋㅋ혼자끝내면 끝일정도로 판을 조그만하게 벌리지않았자나ㅋㅋㅋ,1,0,1,61.14,1,1
391,391,아~쫌! 그만하지,1,0,0,8.03,1,1
392,392,그마안~~~~~,1,0,0,17.12,1,1
393,393,왜 분풀이 안씨한테하니 너도참 식상,1,0,0,3.65,1,1
394,394,인스타는 내칭구,1,0,0,35.89,1,1
395,395,이건 병이다,1,0,0,9.07,1,1
396,396,안타깝다 가만 좀 있지,1,0,0,35.99,1,1
397,397,동물들하구 살면될듯위로받구,1,0,1,96.55,1,1
398,398,가만히나 있지 저런식으로 행동하면 주변에 누가 남냐,1,0,1,96.04,1,1
399,399,에라  ᆢ집에서 운동 좀 해라 ᆢ~~ 너 때문에 여러 사람 힘들다ㆍ인생 똑 바로 살아라 ᆢ,1,0,1,94.66,1,1
400,400,왜저래..........,1,0,0,2.77,1,1
401,401,유진아 힘들지... 열심히살자,1,0,1,88.87,1,1
402,402,sns에 중독됐나봐 올린 사진들도 어째 좀 무섭네 치료 받아야 할듯...,1,0,1,98.9,1,1
403,403,"누구 편도 아니지만은, 자기만의 인스타에 자기가 올리는데 그것도 또라이에요? 득달같이 이런 기사에 달려들어서 얼굴이 어쩧니 얼굴 평가할 시간에 자기 자신부터 에스엔에스 끊고 거울보세요~",9,9,0,28.19,0,18
404,404,<구혜선기사>1. 제목을 욕먹을수있는 기사선택->2.네이버 메인 제일 윗쪽에 기사노출->악플달리게함 ->기사를 순위상단에 머무르게함 <안재현기사>1.제목을 최대한 좋게뽑은 기사선택 ->2.네이버메인 상단에 기사노출 안시켜 대중들 눈에 안들어오게 함->3악플많이 달리면 빨리 메인에서 내림...오늘은 스포티비당첨??...소속사가 멍청한건지 2달째 이럼,7,7,0,0.18,0,14
405,405,구혜선은 일방적으로 팼고 안재현이 뚜드려맞았는데 때린쪽을 걱정하는건 오바다 설리가 누구 욕하는거봤냐,5,5,0,0.69,0,10
406,406,"근데 이런기사 써야돼? 대놓고 구혜선 엿먹으라고 쓴 기사 같은데 안재현쪽에서 돈이라도 받아야 이런글이 써질텐데. ㅋㅋ하여간, 우리나라에서 여자들은 한순간에 매장 당하기 쉽지^^ 내가 봤을땐 안재현이고 구혜선이고 둘다똑같아 보이는데말야.. ㅉㅉ",5,5,0,49.41,0,10
407,407,악플 달지마라 구혜선도 설리 처럼 보내고 싶냐 아닥하자 니들 일 아니다 기자도 글내려러 기레기야,4,4,1,98.79,0,8
408,408,구혜선한테 제발 악플좀 달지마 얘도 죽일건가,4,4,0,30.11,0,8
409,409,더이상 그는 여기 나타나지 않을 것..사랑하지 않기 때문에..마지막 문장 당차게 느껴져서 안심이 되었어요... 지나간 일은 넘어가는 인생의 한페이지로 넘기고 새로운 장을 열었으면 좋겠어요...응원할게요..화이팅-!!!,4,4,1,99.89,0,8
410,410,약간.정신이상자 같다...구혜선..헐...,4,4,0,4.76,0,8
411,411,기사제목 꼬라지 하고는.또 누굴잡으려고 기레기야,3,3,0,3.75,0,6
412,412,분풀이 진짜 잘 어울리는 단어다......,3,3,1,85.93,0,6
413,413,애가 있는것도 아니고 잠깐 남자랑 살다 헤어진건데 별 개지롤이다,3,3,1,83.65,0,6
414,414,정유진 ' 구혜선에게 분풀이' 매일 폭주..매일매일 이상한 제목으로 악플기사씀..이게 팩트죠..얘하고 안 소속사하고 어떤관계인지 넘나 궁금..정유진 얜 구혜선인스타로 먹고살려하네..인성악질이네,3,3,0,8.22,0,6
415,415,더 잘살고 잘먹고 잘지내는 모습을 보여주셔요활동도 더 활발히하고 그게 복수예요내가 더더욱 잘사는모습이 최고의 복수입니다항상 화이팅하셔요,3,3,1,99.98,0,6
416,416,여기서도  악플러겁내맞네 ㅋㅋ,2,2,1,67.09,0,4
417,417,댓글들보면 고지식하고 멍청한 사람들밖에 안보임구혜선도 사람인데 사진도 올리면 안됨? 니네들이 다는 댓글들이 무슨 영향력인지 모르지?,2,2,1,61.16,0,4
418,418,구혜선 힘내세요.,2,2,1,61.33,0,4
419,419,구혜선님 힘내세요 악풀 다  무시하고요 걔네들은 다 열등감덩어리라서 그래여,2,2,0,17.35,0,4
420,420,안재현 반박하며 괴롭히는것도아니고 일방적으로돈도일반안과달라서 어느정도 잇을텐데 참 기운내고 본모습으로돌아와요,2,2,0,0.26,0,4
421,421,치료가좀필요하실듯ᆢ,2,2,1,61.52,0,4
422,422,구혜선씨 속으로 썩히면 본인만 손해에요 누가 뭐라든 속이 풀릴때까지 하셔도 된다고 봅니다 그치만 당사자와 푸는게 제일 빠르고 건강에도 좋을거에요 힘내세요 훌훌 털고 일어나시길,2,2,1,78.59,0,4
423,423,자살은 하지마라. 진심이다.,2,2,0,17.15,0,4
424,424,정유진 네이년너보구 누가 나르래?안재현이?얼마받니?,2,2,1,97.7,0,4
425,425,본인이. 이쁜줄 알고. 자꾸. 사진올리네. 댓글도 안보니. 가족들. 지인들. 말좀 해줘봐.  말해도 들어 쳐먹지. 않겠지만,2,2,1,98.11,0,4
426,426,제발  꺼져줘~~!!!!!!!! 누나,2,2,0,5.54,0,4
427,427,여자의 적은 여자라더니 여기자가 쓴 기사 중에 좋은 글을 볼 수가 없네..,2,2,0,2.39,0,4
428,428,밉상 ㅎㅎ,1,1,1,84.14,0,2
429,429,"구혜선, 안재현 둘 모두 잘못을 떠나 인터넷의 댓글에 신경쓰지 말고 나쁜 생각을 하지 않고 건강하게 살았으면 좋겠다. 설리가 이렇게 갑작스레 가니 이젠 누구도 어린 나이에 저 세상으로 가지 않았으면 좋겠다.",1,1,1,99.96,0,2
430,430,마음의 상처가 있으니 잘 추스르고 살아가길 바람,1,1,1,89.25,0,2
431,431,악플달지 마세요 자기네들은 뭐 얼마나 잘하고 잘살길래 남이사 이렇고 저렇고 지랄하면서 악플 달고 난리야 !!!,1,1,1,92.53,0,2
432,432,기사제목으로 은근히 사람까지마라..ㅎ다들 사람을 얼마나 미워해야 분이풀릴거같은지? 거울보고 본인 심장 한가운데있는 검은 덩어리를 유심히 바라보셔요..나는 왜 한심하게 남을 열심히 미워하고있는가 하고요,1,1,1,100.0,0,2
433,433,좀 이상해 얘가,1,1,0,4.44,0,2
434,434,얘도 자살하는거 아니냐 악플 고만,1,1,0,10.08,0,2
435,435,구혜선씨 ~여전히예쁘고 멋잇어요 남편잊고행복힌모습보여주세요 화이팅 !,1,1,1,99.96,0,2
436,436,"이러다 구혜선 잘못된선택이라도 하면 ""악플러들이 죽인거다""ㅇㅈㄹ하면서 수많은 안티들 팬으로 둔갑하겠지?",1,1,0,0.5,0,2
437,437,동공이 풀린듯한 느낌은 나뿐인가;;,1,1,1,62.54,0,2
438,438,얘 핸폰 아직 안뺏었어??,1,1,0,10.86,0,2
439,439,답답한 사람이네. 조용히 살아라. 저것도 그림이라고!  실력도 없으면서 무슨 작품이라고 내놓나.,1,1,0,0.4,0,2
440,440,병인가?,1,1,0,18.99,0,2
441,441,구혜선 화이팅입니다,1,1,1,84.49,0,2
442,442,역겹다진심 인스타충 구혜선 니가한말 뭐가진실이고뭐가거짓인지모르겠어... 그냥 다 허언증인거 같아,1,1,0,0.16,0,2
443,443,연기 드럽게 못하는 딴따라중하나 ㅋㅋ 유일하게 잘한역할은 꽃보다남자에서 스키장로봇,1,1,0,4.06,0,2
444,444,힘들어서 아프다 죽겠다 징징대는 사람보다 침묵하는 사람이 더 짠한 거 아닌가? 인연이 아니면 놓아주는것도 미덕인데 그걸 못해서 저리 변한거 보면 사실 지극히 솔직한 걸수도 있지...라는 생각도 들긴 함...그래봤자 연예인 걱정이지만ㅎㅎ,1,1,1,99.99,0,2
445,445,분풀이도 수준있게 했어야지...,1,1,0,10.81,0,2
446,446,정신병인거지,1,1,0,9.94,0,2
447,447,"안재현, 윤기원은 이혼 잘 했다고 생각한다",1,1,0,14.44,0,2
448,448,나 이렇게 잘사는 척 하고있어요 하고 바락하는중,1,1,0,2.73,0,2
449,449,안재현이 불쌍해 ㅠㅠ 결혼생활 하느라 고생했다,1,1,0,5.3,0,2
450,450,아직도 안재현집에서 안나간거같던데 양심어디...? 이제 끝이라고 지가 인스타에 올렸으면서 아짓도 버티고있는 대단한사람,1,1,0,1.46,0,2
451,451,"보면 좀 안됐다. 근데 이해도 좀 된다. 사랑이 그렇더라..이별에, 배신감에 성숙한 대처를 할수있는 나이는 없는거같아. 힘내고 좀 내려놓고 좀 쉬었다가 활동하길!  시간이 많은걸 해결해준다. 욕먹을 짓 그만하고 ㅜㅜ",1,1,1,99.52,0,2
452,452,내 주변에 구혜선같은 또라이 없어서 살만하다 정말,1,1,0,34.91,0,2
453,453,저러고 있으니 안재현이나 더 응원해야겠다는 생각만 드네. 진짜 안재현 대단하네..고생했다,1,1,0,27.86,0,2
454,454,일기는 니 일기장에~~~~,1,1,0,19.08,0,2
455,455,"문재인과 민주당은 국민들을 발톱밑의 때만큼도 생각안하냐,,국민이 그렇게 우습게 보이냐,,너거들 눈에는 국민들이 죄다 문슬람 인민들로 보이냐,,온갖 속임수와 구라로, 곧 남북 통일이 될것 처럼 ,, 마치 곧 핵 폐기가 이루어질것처럼 개설치고,, 김정은이와 친구가 된것처럼 선동질해대며 "" 더이상 북은 미사일 실험 하지 않을것""이다 등등등의 별의별 거짓말과 말재주로 국민들 속이고,,정은이 띄워주고 , 북한 찬양질하고,, 수석 대변인짓거리 까지 해주었는데,,고작 돌아 오는게 이거냐,, 이~오지랖 넓은행색이나 내는 삶은소대가리야..",1,1,0,0.0,0,2
456,456,길거리 조심해 돌 맞을라 꼭 경호원데리고 다니고 ^^,1,1,1,59.01,0,2
457,457,"내가 얼짱년 생활을 열일곱에 시작했다. 그 나이 때 얼짱년 시작한 년들이 백 명이다 치면은.. 지금 나만큼 사는 놈은 나 혼자 뿐이야. 나는 어떻게 여기까지 왔느냐? 잘난 놈 제끼고. 못난 놈 보내고. 섹시하지않은 젖꼭지같이 배신하는 새끼들... 다 죽였다. 여시야? 담배 하나 찔러 봐라.""",1,1,0,1.99,0,2
458,458,직접같이 살아보지않은이상 한쪽만 넘폄하하는건아닌거같네요~오죽하면 그랬을지 넘맘이아프네요~혜선씨힘내고 반려동물과언제나 행복하길바래요^^,1,1,1,99.97,0,2
459,459,법원에 4장의 사진을 증거물로 보냈다잖아?욕은 하지말자 ... 판사가 해결해주것지 ..,1,1,0,49.34,0,2
460,460,너무 질리게생김진짜  솔까 8개월정도 만나면훅 질릴듯,1,1,0,25.75,0,2
461,461,쓰레기들  둘다 꺼져라,1,1,0,7.36,0,2
462,462,한국여자 평균수준,1,1,0,5.09,0,2
463,463,어째 사랑이 안식었단 사람이 사랑이 식었던 사람 삶을 무참히 파괴할까. 당신의 사랑 그거 아무것도 아니고 똥보다도 못하네,1,1,1,93.12,0,2
464,464,법정에서 시비가려지면될일~~~ 안모씨가 바람폈는지 아닌지는. 진짜 더러운결혼생활이었딘면 이정도분풀이했음됐어요,1,1,0,31.69,0,2
465,465,살쫌 빼세요.전에보다 살 넘 많이 찌니 점점 안쁘고 ......여자는 여러모로 관리......그래야 남자들도 싫증 않나지.살넘 찐거 같다.,1,1,0,7.48,0,2
466,466,둘다 똑같은거같은데...그만들하시고 조용히들사시지... 관종도  아니고...,1,1,0,13.13,0,2
467,467,힘내세요 ~~^^세상은 넓고 아름답습니다,1,1,1,99.71,0,2
468,468,야 아무리 연예부 기자라지만 하루종일 구씨 인스타 업뎃되나 기다리다가 퍼와서 일기쓰면 자괴감 안드나..??,1,1,0,0.61,0,2
469,469,그놈이나 그년이나,1,1,0,10.64,0,2
470,470,마지막소식이라고 구라친것만 수차례,1,1,0,6.7,0,2
471,471,외롭나부다 가서 달래주고싶다 내껄로,1,1,1,90.58,0,2
472,472,안재현 가만히 있는게 신의 한수다 저게 거짓이던 진실이던 시간은 너의 편이로구나  ㅊㅎ한다,1,1,1,93.35,0,2
473,473,안재현만 불쌍하지,1,1,0,13.52,0,2
474,474,남자들아 결혼할때 조심하자 인생종치지말고,1,1,1,95.84,0,2
475,475,혜선아 오빠가 너 리즈때부타 지금까지 겁나좋아했는데 왜그러냐 관종놀이 그만하고 sns그딴 인생낭비그만하고 제발 정신차리자 안타까워,1,1,0,0.04,0,2
476,476,넌  관종 이였어....,1,1,0,37.34,0,2
477,477,어지간히 관종이다야....심한그...,1,1,0,1.01,0,2
478,478,멀쩡하게 생긴데다 먹고 살만하면서 왜 이렇게 사는지 이해가 안감,1,1,0,1.21,0,2
479,479,"여배우 염문설의 진원지 : 문 : 대표님. 미팅중이신데 너무 죄송해요. 그 친구랑 밥만 같이 먹은 게 아니라 XXX 행사를 같이 맞춰 가고, 기차 탑승권도 옆자리에 앉아 가고, 비행기 시간도 조정해서 같이 타고, 매일 시도 때도 없이 카톡을 주고 받는다며 방큼 스텝 언니에게 전화가 왔어요. 100% 라면서요. 모두들 오해하고 있으니 조심시키는 게 좋을 것 같아요. 대표님 이런 일로 정말 죄송해요. 열심히 일할게요. 회사 이미지 실추되지 않도록. 저도 조금 더 신중하게 생각해보고 또 연락드릴게요. (구혜선이 보낸 문자 복사 전송)",0,0,1,95.45,0,0
480,480,에휴 기자보소 분풀이?? 이런 쓰레기야,0,0,0,1.53,0,0
481,481,악플달수있는 기사를 올리는 기래기들이 더 문제인거 아닌가? 악플많을수록 연봉이 올라가나봄.,0,0,1,94.87,0,0
482,482,서로를 향한 비난 이제 그만 하고 서로의 아티스트만 응원하고 지지합시다 누구의 팬이든 아니든 서로 상처주는 말 하지 맙시다,0,0,1,61.82,0,0
483,483,사는 방법도 희한하네....앞으로 살날이 구만리인데....성격이 이상한가...앞날만 생각하고 살기도 빡실건데여유가 넘치네...끝낼때도 됬다,0,0,1,78.86,0,0
484,484,노관심,0,0,0,5.37,0,0
485,485,암튼  대단해요!!!!,0,0,1,92.17,0,0
486,486,힘내세요!,0,0,1,95.9,0,0
487,487,아니 본인들 인생이나 신경 쓰고 열심히들 사시지 왜 아무 상관없는 연예인들 사생활에 관심같고 한가하게 악플이나 다는지.. 그냥 두세요 알아서들 하게~ 이런게 기사화 되는것도 참.. 당사자들 지인들이나 알고 신경써주게 놔두시지~ 일거리들이 없으신가,0,0,1,99.17,0,0
488,488,이놈들아 악플그만달아라...,0,0,1,54.13,0,0
489,489,이제 기사 그만올려라ㅡㅡ,0,0,0,0.39,0,0
490,490,너네들도 악플 달 시간에 셀카나 찍어라.....,0,0,1,71.98,0,0
491,491,안타 깝네요~~   시간지남  다  우스워요~~~  너무  힘들어  하지마요~~  안재현씨도  얼릉  훌훌  털고  나와요~~,0,0,0,0.14,0,0
492,492,겪어보지 않고서는 타인의 아픔을 다아는것 마냥 가볍게 생각하지 좀 마라 악플러들아,0,0,1,99.48,0,0
493,493,고마해   소통   안해도될듯    당분간이라도  조용히  사색하면서   이제 인생을 어떻게 꾸려갈까   깊이 뒤도돌아보고  자아 성찰도 필요하고,0,0,1,99.59,0,0
494,494,이 분도 참... 가족일은 떠벌리지말고 지지고볶든 싸우든 니들끼리 알아서 해결 좀 하세요,0,0,1,59.02,0,0
495,495,요즘 신서유기 2보고 있는데...쩝사랑이란 감정을 더더욱 믿을 수 없게 됐다우째 저래 웬수가 되는지 에궁 ㅉㅉ,0,0,1,99.5,0,0
496,496,악플 좀 그만하세요 제발 덧글 쓰는 건 잠깐이지만 당사자에겐 평생 남아요,0,0,0,37.56,0,0
497,497,이분도 멘탈 좀 강하게 바로잡아야할듯,0,0,0,40.36,0,0
498,498,지금 뉴스에서 그러는데 경찰에 설리사망신고접수 됐다던데..제발 아니길...제발...,0,0,0,1.2,0,0
499,499,어릴적 동네아는뉴냐가 상당히똑똑하고 반에서도1위 성장해죽도록사랑하는남자를 만낫는데 해어지고되 완전미쳐서 방에가둬두고 밥도안줘죽엇다는말들은적앗는데,0,0,1,84.41,0,0
500,500,관심받는걸 참 좋아하는듯,0,0,0,32.61,0,0
501,501,아예무과심하세요 이런댓글올리니까더재미있어서한것같네요,0,0,0,14.98,0,0
502,502,별로야 눈빛이 .. -_-;;,0,0,0,2.47,0,0
503,503,직업이 셀카 찍기인가 봄,0,0,0,34.2,0,0
504,504,으휴 구저리 ...!!!!!!! 구라선 !!!!!! 허언 정신병이라 생각했는데 이정도면 남을 음해하는수준이 도가 지나침 악마 같음,0,0,0,1.85,0,0
505,505,나 잘 모르는데 나만 이상해 보이나,0,0,0,3.59,0,0
506,506,매장되실까 노심초사구만요,0,0,0,12.63,0,0
507,507,누님 이번  기회에 아프리카 TV BJ 데뷔하시죠!!~오빠들  이혼썰 별풍선 500개 모십니다!!~~야야!!  매니져 내욕하는애들 싹다 강퇴시켜 !!오빠들 1000개 쏘시면 섹시댄스 리액션 들어갈게요♡,0,0,1,96.98,0,0
508,508,그만훼  제발,0,0,0,0.92,0,0
509,509,기사쓸거 없으면 그냥  책읽고 독후감 써 내세요 ..그게더 좋을듯,0,0,0,2.98,0,0
510,510,날좀봐줘 날좀봐줘 그만... 깔끔히 잊고 행복한 삶을 응원합니다..sns 끊으시공,0,0,1,99.23,0,0
511,511,그냥 이 여자 뇌 구조가 궁금하다.,0,0,0,4.01,0,0
512,512,분풀이라니 ㅡㅡ 진짜 승질머리 못됐다,0,0,0,4.34,0,0
513,513,"관심 떨어지니 관심 얻고자 엄청 노력하네...애초에 연기, 노래 머 하나 제대로 하는게 없었지 ;;;;",0,0,0,0.37,0,0
514,514,관종,0,0,1,56.32,0,0
515,515,누구의 말도 믿을필요가 없다.,0,0,1,77.3,0,0
516,516,다됐고렌즈만빼라진짜20년째아니냐거의  무슨초점어쩌고하믄서 사극에서까지 끼더니,0,0,0,10.41,0,0
517,517,세상을 넓게 봤으면.. 자기만의 세상 속에 갇힌듯,0,0,1,61.87,0,0
518,518,학업 다시 하신다면서....,0,0,1,56.46,0,0
519,519,분풀이 ㅋㅋㅋㅋㅋㅋㅋㅋㅋ,0,0,0,41.1,0,0
520,520,인상이 변한듯한 느낌이드네. 눈도 멍하고..  전에 구혜선느낌은 다 사라졌네..,0,0,0,2.87,0,0
521,521,미저리냐,0,0,0,7.04,0,0
522,522,송혜교 왜 이혼한건지 알고싶던게 싹 가셨음.구혜선이 너무 피곤하게해서.,0,0,0,1.88,0,0
523,523,"자신이 생각하는게 여러 생각 중 하나가 아니라 ""옮음'이라고 생각하고 이걸 자신에게뿐 아니라 남에게도 똑같이 적용하면 까칠하고 파트너를 쪼아되게 되는데 나중에 나이 먹으면서 '존중'이란 것의 참 뜻을 이해하고 다양성을 존중하기 시작하면서 유해지기도 하고 그렇지 못한 사람은 우리가 아는 그 ""꼰데""가 됩니다. 구혜선이 어떻게 변해갈지 궁금하네요",0,0,1,99.98,0,0
524,524,법원에서 빨리 헤어지게 판결 내주세요.제발...제발...제발,0,0,0,32.45,0,0
525,525,두분이서 조용히해결하셨음 좋겠는데  굳이 남의가정사 알고싶지않네요,0,0,0,6.34,0,0
526,526,혼자 사는게 답이다,0,0,1,77.08,0,0
527,527,셀카 보니까 설리랑 비슷한 느낌..,0,0,0,28.46,0,0
528,528,참 피곤한스타일이네,0,0,0,7.15,0,0
529,529,그래.ㅠㅜㅠ 이렇게끝낼거... 남는게머가있냐ㅜㅠㅜㅠㅡ~~둘다이미지똥망됐지.,0,0,0,0.44,0,0
530,530,이제그만좀하셨으면...,0,0,0,2.27,0,0
531,531,아이고~이게 누구야~구라쟁이 아입니까 ㅋㅋㅋ,0,0,0,7.9,0,0
532,532,초기단계인가...???;;;,0,0,0,6.5,0,0
533,533,제발 이제 연예계에서 사라졌으면 좋겠다,0,0,0,9.51,0,0
534,534,무서워~너무 무서워~~,0,0,1,80.71,0,0
535,535,광기 아니겠노 ㄷㄷㄷㄷㄷㄷㄷ,0,0,1,75.93,0,0
536,536,왜이렇게 보기싫지 나오지마,0,0,0,2.15,0,0
537,537,이런기사좀 그만올려 기레기야 안궁금해,0,0,0,0.12,0,0
538,538,옛날이랑 눈빛이 달라 ㅡㅡ;;,0,0,1,72.66,0,0
539,539,다른건다좋은데 눈풀린것같은 셀카좀 그만올렸으면,0,0,1,86.75,0,0
540,540,웃는 얼굴사진둥 올려 매번 그런표정 덜 이뿌당 잘 이겨내고 sns도 재판 끝나면 해 잠시쉬어가 그딴 게 뭐라고 쓸 때없이 쓴소리를 듣냐 소중한 너의 인생페이지를,0,0,1,56.64,0,0
541,541,왜 올릴까요? 자꾸 입에 오르내리는거 별로일텐데 아닌가? 왜 올리지????,0,0,0,25.75,0,0
542,542,분풀잌ㅋㅋㅋㅋㅋ,0,0,0,41.1,0,0
543,543,안재현 보라고 자꾸 올리나보다,0,0,0,3.69,0,0
544,544,제발 그만좀,0,0,0,1.57,0,0
545,545,조용히 좀 살아라,0,0,1,95.46,0,0
546,546,해라~해라~ 해야 안 할려나...,0,0,1,60.75,0,0
547,547,진짜 네이버댓글 OOO들밖에 없네.,0,0,0,34.43,0,0
548,548,뭔가 두렵고 불안한 모양새ᆢ 이제 그만하는게 나을듯,0,0,1,57.97,0,0
549,549,이런 의미없는 기사를 올리는.기자나~나보라하고.더 드리미는 또라이나~똑같애요 똑같애!,0,0,0,39.73,0,0
550,550,확실히 정서적 불안해,0,0,0,33.89,0,0
551,551,눈빛이 무섭다…그만 멈춰. 이러다 매장당한다.,0,0,0,1.31,0,0
552,552,가금마누라 외로 밤일해조대,0,0,0,35.85,0,0
553,553,여자가 무섭다는걸 처음 느끼게 됨,0,0,0,20.95,0,0
554,554,ㅋㅎ...,0,0,0,39.44,0,0
555,555,사랑해 면 즐거운 남편예우다,0,0,1,77.08,0,0
556,556,연예인이 왜이렇게 한가한것이야,0,0,0,9.59,0,0
557,557,한이 느껴진다,0,0,1,68.23,0,0
558,558,남자 병원안대다,0,0,1,52.45,0,0
559,559,멘탈이 강하시네,0,0,0,30.42,0,0
560,560,흠..... 흠....... 심각하다.,0,0,0,1.02,0,0
561,561,이 여자도 쫌... ㅎㅎ,0,0,1,60.83,0,0
562,562,무섭 ㅎㄷㄷ,0,0,1,92.33,0,0
563,563,소통은 아닌것같아보이고 그냥 올리는것같던데 기자새기야 기사쓸거없냐? 발로 뛰어서 일해라 거저먹지말고,0,0,0,3.77,0,0
564,564,가만좀있지 ..무덤을판다..,0,0,0,21.13,0,0
565,565,괜찮은 척 해도 안괜찮아보이는데...ㅠㅠ,0,0,1,70.47,0,0
566,566,집에 처 박혀서  있으면 어떻게 되나 보여주는거임,0,0,1,98.34,0,0
567,567,무서워요 ㅠ,0,0,1,79.47,0,0
568,568,언제 또 돌변할지...,0,0,1,81.18,0,0
569,569,구혜선은 모태솔로 였나봄?,0,0,0,6.35,0,0
570,570,관종도 이렇게 심하냐  이혼은 둘에 문제지 둘다 별루인데 참 부모가 도대체 교육을 어떻게 시킨거야,0,0,0,0.02,0,0
571,571,지금은 의욕 넘치고 조증인 거 같은데 관심 꺼지고 그러면 또 시작할 듯.... 그냥 sns끊으라고 누가 말 좀 해주지. 장기적으로 정신건강에 좋을 텐데,0,0,0,0.08,0,0
572,572,아니 제목이 묘하게 까고있는 것 같네ㅋㅋㅋㅋㅋㅋㅋㅋㅋㅋㅋㅋㅋㅋㅋㅋㅋ,0,0,0,34.95,0,0
573,573,평생 외롭게 눍어가겠군요 애완동물과 얘기하면서..,0,0,1,88.67,0,0
574,574,관 투더 종,0,0,1,93.01,0,0
575,575,분풀이 ㅋㅋㅋㅋㅋㅋㅋ 제목 딱이네 딱이야,0,0,1,80.72,0,0
576,576,이쯤되면 그냥 머 니맘대로...,0,0,0,1.25,0,0
577,577,눈 봐... 그걸로 게임 끝,0,0,0,2.06,0,0
578,578,조울증인 듯,0,0,0,38.14,0,0
579,579,이제 그만~~,0,0,0,1.5,0,0
580,580,제정신 아닌 듯...................,0,0,0,5.6,0,0
581,581,이런  기사를  쓰는거 고만하지 ..  역겹다,0,0,0,6.48,0,0
582,582,인자는그만,0,0,0,3.67,0,0
583,583,제목 ㅋㅋㅋㅋㅋㅋㅋ,0,0,0,38.33,0,0
584,584,기사를 내는 이유가 뭔가요...?         잼 있어서?  욕 얻어먹고 한 사람 보낼려고 그런건지...    재밌나요 이게?   악플도 그만 다세요.    악플다는 이도 못났고   이런기사 내지마세요.,0,0,0,0.26,0,0
585,585,섹시하지않은 xxx,0,0,1,63.46,0,0
586,586,둘 다 불쌍,0,0,1,86.6,0,0
587,587,무섭다끝은 자살인가?,0,0,0,6.53,0,0
588,588,항상 똑같은표정이시네,0,0,1,53.82,0,0
589,589,ㅋㅋ사람다운 정서를 기르길 충고한다...관종 딱 관종!!,0,0,0,40.85,0,0
590,590,얼굴이왜케변한겨 ㅜ 논스톱때 이뻤는데,0,0,1,88.9,0,0
591,591,머리좀 감으세요,0,0,0,28.66,0,0
592,592,안재현도 좀 하지 ㅎㅎㅎ 궁금한데...,0,0,1,60.99,0,0
593,593,이여자 무섭다고 느겨진다.,0,0,0,35.86,0,0
594,594,이정도 되야 연예인 하지~ 관종인정~,0,0,1,61.91,0,0
595,595,병세가 깊다..이제 무섭다.,0,0,1,64.39,0,0
596,596,ㅉㅉ,0,0,0,4.36,0,0
597,597,악플이 줄었어도 아직도 후쿠시마 방사성물질 유출 못지않게 넘친다. 빠순이들은 무조건 빠지도록 해라.,0,0,1,98.27,0,0
598,598,정신분열  초기증세가 올 수도 있겠어요...농담 아니고..가족분들이 상담치료 받게 힘껏 도우세요요즘 그런 분들 많아요 공부 잘하고 부자인 사람도 많이 정신적으로 병이 들 수도 있습니다,0,0,0,2.33,0,0
599,599,쫌 무섭다ㅋ,0,0,1,66.34,0,0
600,600,그냥 뚱뚱 이 여 자네 ᆢㅋㅋ,0,0,1,72.21,0,0
601,601,아! 어디에 장단을 맞춰야 하나?,0,0,0,22.56,0,0
602,602,진짜주변에 친구하나없구나 쩝,0,0,0,3.59,0,0
603,603,니 몸 봐라 ᆢ  연애이 몸 이냐  ᆢᆢᆢᆢ그냥ᆢ아줌마네ㆍ 돼지 ᆢㅋ,0,0,0,4.27,0,0
604,604,진정한 관종이네 ;;,0,0,1,85.89,0,0
605,605,코리안퓌메일조커,0,0,1,70.75,0,0
606,606,9개 사진 중 가운데 사진 ㅎㄷㄷㄱ,0,0,1,93.56,0,0
607,607,관종,0,0,1,56.32,0,0
608,608,구혜선 누님 화이팅♥ 젊은 사람들은 응원을 할지언정 악플은 절대 안씁니다 저를 비롯해서 간간히 보이는 응원 댓글들은 전부 20대 이하층이 쓴 거에요 나머진 나이대만 봐도 아시잖아요? 사회에서 잘나가는 동년배에 대한 열폭! 그 이상도! 그 이하도! 아닙니다!! 앞으로도 누님만의 길을 소신있게 걸어가주시길♥,6,7,1,100.0,-1,13
609,609,구혜선한테 모진말좀 그만해라. 보기싫으면 뒤로가기버틑 누르면 되잖아,5,6,0,0.41,-1,11
610,610,세싱에서 재일 무서운 여자...40넘게 살아오면서...가장 오싹하다 ....,4,5,1,99.37,-1,9
611,611,여자들과 연락이며 결혼초 별거요구면 빼박증거인데 안재현 ㅆ레기짓 하고 구혜선 화나도 저런인간 상종말고 버리세요. 머밟았다 생각이 답이고  인제 힘내세요~,4,5,0,16.73,-1,9
612,612,"악플러들의 모순이 적너라하게 드러나는데, 그간 구혜선에게 사진을 올리라고 진상짓을 장기간 해왔는데, 막상 게시해주니까 사진 올렸다고 진상짓(악플)..구혜선이 안재현을 인스타에서 지웠다니까 자신의 사진과 근황 및 인사를 하는건데, 휴대폰을 뺏어버라는등 sns를 하지말라는 등, 외모희롱은 당연한 것으로 여기면서 제멋대로임. 결국 반소취하하라는 요구 나옴. 선동된 빠순이들은 법질서를 완전히 뭉개자는 식임.ㅎ",3,4,0,0.0,-1,7
613,613,구님 너무 아름다우신거 아닙니까?,3,4,1,96.72,-1,7
614,614,조국 사퇴...국민의 승리...우리가 이겼다,3,4,1,97.45,-1,7
615,615,이젠 무섭기까지 하네.... 안재현 마음이 이해가된다...,3,4,0,49.1,-1,7
616,616,안재현은 여자를 잘못 만났고 구혜선은 더 남자를 잘못 만났다.여자가 한을 품으면 이리된단 교훈을 구혜선이 줬음. 떠는남자들 많겠네.,3,4,0,30.37,-1,7
617,617,올리던지 말던지 안보면되잖아 왜 욕하고 난리,2,3,0,47.16,-1,5
618,618,항상 느끼는건데안재현씨가 고생 많았을듯~  여자라면~  치가 떨릴듯~,2,3,1,98.74,-1,5
619,619,앵간하네 정유진 ㅋㅋ 당신이 이런기사 안올리면 그게 이상하죠ㅋㅋ당신들이 이리 유치하게 퍼나르니 테스트하려고 일부러 올리는것같은데 ㅎㅎ 누가 제일 바본가 지켜보는 재미가 있네 ㅌㅌ기레기 목적은 인스타 못하게 하는거네ㅉㅉ,2,3,0,0.08,-1,5
620,620,예는 얼굴 표정이 없노??...늘 흐림멍한 표정이고...보고 있으면 답답하다...,1,2,0,6.63,-1,3
621,621,악플 달지 말자구요 제발. 읽고 마음에 안들면 그냥 넘어가요. 제발 악플달지 마요.,1,2,1,67.7,-1,3
622,622,기레기들 에혀 ㅋㅋㅋㅋㅋㅋㅋㅋㅋㅋㅋㅋㅋㅋ,1,2,0,4.0,-1,3
623,623,동물들도 주인의 우울감을 고스란히느낀다는데  동물들이 짠해요ㅜ 말도못하고ㅜ,1,2,1,97.68,-1,3
624,624,개인사에 다 그만 냅두자! 막말들은 그만하고! 둘다 잘한건 없고 아름다운 이별은 없다잖아! 제정신으로 이별할수 있는 사람이 몇이나 되겠냐? 이제 정신차리고 두분 다 조용히 정리 하는 모습을 보고 싶네요!,1,2,1,73.89,-1,3
625,625,재수없으니~나오지마라..퉤퉤퉤,1,2,0,0.59,-1,3
626,626,힘내세요,1,2,1,93.65,-1,3
627,627,영화 미저리 생각나네; 그만 추태부리쇼 아줌마,1,2,0,2.69,-1,3
628,628,누가 정신병원좀 데려가줄사람,1,2,0,10.39,-1,3
629,629,눈이 좀 이상하지 않아요?;;;;;;;;;;;,1,2,0,40.22,-1,3
630,630,힘내요 사람은 겉모습이 다가 아닌듯구혜선 파이팅,1,2,1,82.57,-1,3
631,631,남에 일에 왜케 관심들이 많어 자기들 앞가림이나 좀 하면서 살지. ㅉㅉㅉ,1,2,0,42.62,-1,3
632,632,속에 쌓아두면 병됩니다~혜선씨 끝까지 힘내고 밝은모습으로  작품에서 봤으면좋겠어요.,1,2,1,80.35,-1,3
633,633,박쥐들 ㅉ ㅉ 부부일은 부부밖에 모른다.. 보여지는게 다인가?여기서 편가르는 인간들 다 결혼 못한 찌질이들..,1,2,0,2.21,-1,3
634,634,SNS에 미쳣냐? 진짜 관종짓만 골라하네,1,2,0,4.6,-1,3
635,635,정신이 건강한 사람은 아닌듯..,1,2,0,38.04,-1,3
636,636,앞머리 탈모옴? 텅텅비었네,1,2,0,6.17,-1,3
637,637,진짜 이상한 사람같음,1,2,0,15.8,-1,3
638,638,구혜선 너무 덥게 생겼어..,0,1,0,13.82,-1,1
639,639,구혜선누나가설리한테욕하고부러먹고해서살인자구혜선입니다,0,1,0,25.0,-1,1
640,640,ㅋㅋㅋ 구혜선 선빵맞았누 쩝,0,1,0,0.74,-1,1
641,641,바쁜 가사일에도 독립영화 소설집필 미술전시회 준비로 눈코뜰새 없으실 분인데 꼬박꼬박 sns까지 차암 바쁘신분,0,1,0,0.92,-1,1
642,642,줌들은 오늘도 말이 거칠구요. 기래기들은 여전하네 너희같은 것들이 사람 죽이는거다,0,1,1,76.75,-1,1
643,643,니들이 죽이는거다 악플러들아,0,1,1,53.57,-1,1
644,644,악플은 그만 해라.반성해라,0,1,1,54.67,-1,1
645,645,오늘 사건터졌잖아요 다들 그만하세요 제발,0,1,0,7.35,-1,1
646,646,구혜선편이였는데...왜케 짠하지...그만해..너도좀 쉬어...언니로써 딱해...,0,1,0,3.23,-1,1
647,647,동물단체는 뭐하냐. 개 고양이 조사 들어가봐라 제정신 아닌사람 밑에 있는거 같은데,0,1,0,3.14,-1,1
648,648,얘... 무서워 ㄷㄷㄷㄷㄷ,0,1,1,58.9,-1,1
649,649,관종,0,1,1,56.32,-1,1
650,650,결혼전 호텔사진 갖고 있는것도 웃기네..ㅉ,0,1,1,67.06,-1,1
651,651,무섭다,0,1,1,63.93,-1,1
652,652,조증기간 인가보네,0,1,1,94.3,-1,1
653,653,난 구혜선이 할말이 많을 것 같다. 남자들의 결혼생활은 다 지들 좋을대로 하기때문이다. 양보 배려 희생따윈없다.,0,1,1,97.46,-1,1
654,654,정신과 가봐~저런 멘탈로 똑바로 살아지나??눈빛은 약한애같아 풀려가지고,0,1,1,91.69,-1,1
655,655,"좀있음 후덕해져서,  저 구혜선이에요~ 백프로sns질한다에 한표~",0,1,0,31.12,-1,1
656,656,눈   풀 렸네 ㅜ,0,1,0,6.66,-1,1
657,657,구혜선씨 아프리카TV 운영자입니다혹시 아프리카 BJ  데뷔 생각없나요?안재현 이혼썰 별풍선 1000개 모십니다!!~오빠들!!~야야 !!  매니져 내 욕하는애들 싹다 쳐내!!  다 강퇴시켜 !!~,0,1,0,0.04,-1,1
658,658,보기싫어요ㅜㅜㅜㅜㅜ,0,1,0,18.67,-1,1
659,659,눈에 저 독기봐...,0,1,0,13.06,-1,1
660,660,시작프로그램이 인스타인듯. 네이버같은 포털이였으면 부끄러운지 알텐데,0,1,0,23.14,-1,1
661,661,처음엔 안재현이 OOO라고 생각했었는데 구혜선 관종짓 하는거보니 이해도 가네ㅋㅋ 어느정도껏해해야지ㅉㅉ,0,1,0,2.14,-1,1
662,662,병...,0,1,0,9.65,-1,1
663,663,구혜선님  힘내세요!!! 응원해요,0,1,1,98.95,-1,1
664,664,여자의 적은 여자란 말이 맞는 게 여자 댓글 참여 비율보면 나오지 ㅋㅋㅋ,0,1,0,9.61,-1,1
665,665,설리 따라하냐?,0,1,0,27.44,-1,1
666,666,분풀이 하고싶은데로 하고 둘다 미련버려.세월 지나면 알겠지.그때 돌아보면 그것도 미련이었구나 하고.아님 더좋고.새로운 시작을 위해!!!짧은 인생 화이팅!!!,0,1,1,99.99,-1,1
667,667,병있으시쥬,0,1,1,64.65,-1,1
668,668,그냥 나둬라 ~!!그래도 니들 보다 행복하게 살것같다,0,1,1,97.2,-1,1
669,669,니네나똑바로살아라 남얘기하지말고 지나가던개구리가 돌마져죽는다 니네들때문에,0,1,1,88.94,-1,1
670,670,정신과 진료 꼭점 해라구라나 치는  관종냔,0,1,0,13.18,-1,1
671,671,ㅉㅉ 이럴수록  안재현이만 여론좋아진다는걸 알아야지 안재현도  잘한거없지만,0,1,0,39.77,-1,1
672,672,낸시X의 기운이 강하게 느껴진다,0,1,0,3.02,-1,1
673,673,난 구혜선 마음 이해는 한다 .,4,6,1,88.12,-2,10
674,674,맨날 얼굴만 찍고 전신찍을땐 늘 긴옷??... 뭐지...,2,4,0,5.4,-2,6
675,675,님들 악플그만달아!!!니들때문에 구해선도 안좋은선택하면 니네하고 니들가족은 살인자야,2,4,1,97.74,-2,6
676,676,혜선씨 응원해요.악플러는 싹다 고소해주세요,2,4,1,87.17,-2,6
677,677,혜선이누나 화이팅!,2,4,1,68.7,-2,6
678,678,기사 제목 꼬라지봐라 기자 왜하누?ㅋㅋ안재현 분풀이ㅋㅋ ㅈ1랄,1,3,0,17.22,-2,4
679,679,은퇴하셔요~~ 기사 안봣으면 합니다,1,3,0,7.09,-2,4
680,680,구혜선 이쁘다 최고동안미녀네,1,3,1,98.25,-2,4
681,681,구혜선씨 힘내세요 반려동물친구들도 궁금하네요 화이팅,0,2,1,93.46,-2,2
682,682,헐 뉴가 문제인거야? 기사만 보면 안재현이 죽일놈인데 댓글을보면 구혜선이 또라이이네...,0,2,0,1.87,-2,2
683,683,ㅂㅅ같은거 둘이서 아주 ㅈㄹ들 하네,0,2,0,5.28,-2,2
684,684,사랑으로 치유되길.  좋은사람 만나 잊으세요~,0,2,1,96.5,-2,2
685,685,고소당하면 어쩌려구 이렇게 생각없이들 댓글다시는지. 언니 화이팅하시고 아래 성희롱 댓글들 선처없이 고소맥이세요!!!! 화이팅!,0,2,1,99.52,-2,2
686,686,자꾸 그럼 본인만 초라해짐ㆍ,0,2,0,18.18,-2,2
687,687,관종,0,2,1,56.32,-2,2
688,688,정상은 아닌듯,0,2,0,9.43,-2,2
689,689,30 40대들 나잇값좀 해라 ㅉㅉ,0,2,0,0.92,-2,2
690,690,구씨 이미지 나쁘진 않았는데~~Sns가 다 배려놓았네~~,0,2,1,58.08,-2,2
691,691,힘내세요,0,2,1,93.65,-2,2
692,692,"코리안 조커 구혜선보다 무서운 건, 구혜선 관련 기사에 댓글 다는 페미충들의 태세 전환이다. 처음 SNS 올렸을 때만 해도 안재현 죽일 놈처럼 써갈겨 대더니 빛보다 빠른 태세전환. 역시 대단하다 ㄴㅇㄱ",0,2,0,4.08,-2,2
693,693,나랑 결혼해요 구혜선씨,0,2,0,33.09,-2,2
694,694,또라이라고 하는 베플도 저급한건 매한가지. 누굴 딱히 옹호하고 싶지는 않다. 그냥 무관이 답임.,0,2,0,0.17,-2,2
695,695,구혜선씨  힘내시구항상 응원함니다홧팅,6,9,1,99.85,-3,15
696,696,아무리 구혜선이 이상한들 안재현은 안봤으면좋겠다,5,8,0,9.97,-3,13
697,697,바람핀건 욕먹어도 쌈 가해자를 욕해야지 피해자를 미사란 취급하면 됨???,2,5,0,2.1,-3,7
698,698,악플좀 달지마라 또 누굴 죽이려고,2,5,1,76.49,-3,7
699,699,정신병원좀다니세요 왜자신을깍아내리시는지,1,4,0,19.61,-3,5
700,700,진짜 쟤도 좀 위험해 보이긴 하다. 악플러들 좀 그만하지. 구혜선이 조국처럼 국민에게 피해를 줬냐 왜 악플이야. 안재현이 이혼했다고 느그들 안쳐다봐. ㅋㅋ,1,4,1,94.15,-3,5
701,701,구혜선씨 악플러들에 절대 지지마세요!! 보란듯이 재능 남껏 펼치고 더 행복해지길 ㅎㅎ,1,4,1,84.36,-3,5
702,702,또라이 만나면  여자가 저리 됩니다... 구혜선씨  힘내서 보란듯이 멋진 활동하셔여,1,4,1,96.5,-3,5
703,703,안씨 소속사 알밥들 봐라.ㅋㅋ,1,4,1,62.92,-3,5
704,704,참 착한 이미지였는데 어쩌다가;;; 이제 그만해요 그래도 좋다고 결혼한 사람아님? 지나친 것은 독이 됩니다.,0,3,0,0.77,-3,3
705,705,<구혜선기사>1. 제목을 욕먹을수있는 기사선택->2.네이버 메인 제일 윗쪽에 기사노출->악플달리게함 ->기사를 순위상단에 머무르게함 <안재현기사>1.제목을 최대한 좋게뽑은 기사선택 ->2.네이버메인 상단에 기사노출 안시켜 대중들 눈에 안들어오게 함->3악플많이 달리면 빨리 메인에서 내림...오늘은 스포티비당첨??...소속사가 멍청한건지 2달째 이럼,0,3,0,0.18,-3,3
706,706,구혜선도이상하지만  안재현도 저런사진은 왜찍었을까? 결혼전이라해도 이해안됨! 저런사진 찍는거보니  정준영이랑 같은과이긴 한가부다~~~좀 실망 ~~~~,5,9,0,0.16,-4,14
707,707,혜선씨 활동 활발히 해주십쇼!!! 응원합니다.,2,6,1,98.34,-4,8
708,708,구혜선 힘내요.,2,6,1,61.33,-4,8
709,709,안재현이잘못했네ㅉㅉ,2,6,0,21.89,-4,8
710,710,애들아  연기도 못하고 얼굴도 이상한 또라이 안재현하고 살고 싶니 이건 명백한 소속사가 이상한거다 안재현은 퇴출감이다 승리하고 좀이라도 연관된 녀석들은 정신이 이상한거다 요새애들이 이런 새끼를 좋아하는구나,1,5,0,0.14,-4,6
711,711,머리 나쁜거 인증하나 안재현이 잘못해 구혜선이 빡쳤는데도 왜심리가 저러냐 게시글 많이 올리냐하며 피해자 욕하는 머리나쁜 인간들 많네. 지들이 당해도 정신 온전살고 남자탓 말길 언플인간이나 머리 나빠 쇠놰되는 인간들이나 ㅉ,1,5,0,11.73,-4,6
712,712,<구혜선기사>1. 제목을 욕먹을수있는 기사선택->2.네이버 메인 제일 상단에 기사노출->많이본기사에 랭크시켜 악플 달리게함 <안재현기사>1.제목을 최대한 좋게뽑은 기사선택 ->2.네이버메인 상단에 기사노출 안시켜 대중들 눈에 안들어오게 함->3악플많이 달리면 빨리 메인에서 내림...오늘은 스포티비당첨??...멍청한건지 2달째 이럼,1,5,0,0.57,-4,6
713,713,눈빛이 이상하다... 정상이 아니야 불안함,0,4,0,30.54,-4,4
714,714,설리일도있고 악플쓰지 맙시다 자기가 한거 다 돌아갑니다,0,4,1,55.08,-4,4
715,715,오랜만에 꽃보다 남자를 보는데 안타깝다 .. 저리 밝은 사람이 ... 쟤를 저렇게만든건 악플러들 아닐까 싶다,0,4,1,97.08,-4,4
716,716,과연 드라민가 잘 될련지 ㅠ사랑꾼이라는데!!!,0,4,1,89.97,-4,4
717,717,잘햇다ㆍ여자도 분풀이 해야지ᆢ화팅^^,0,4,1,82.81,-4,4
718,718,여기 당사지들 참 많네..ㅋㅋ지들이  당하면  지랄 발광할것들이 ㅋ남의 일이라고 아무렇지도 않게  ...결과는 두고볼일 ㅋ,0,4,0,17.69,-4,4
719,719,"구혜선씨 힘내세요 더럽고 하자있는 나쁜것들 천벌받을거에요 악플기사, 악플댓글알바들 꼭 고소하세요 !!!!! 절대 선처해 주지 마세요!!!!",6,11,1,66.39,-5,17
720,720,구혜선이 얼마나 속상하면 그랬을까!백번 이해한다.안재현 할말이 없으니 안하는거지혜선이 화이팅!,6,11,1,96.76,-5,17
721,721,얼마나 억울 했으면 그랬을까? 아무 이유없이 그랬을까?  근데 구혜선씨  머리가 안어울리는것 같아요 예쁜얼굴  가려요 변화를 주시고 송혜교 처럼 아주 예쁘게 당당하고 밝은 모습으로 마지막 복수를 하세요 착한 사람에게 상처를 주는 사람은 나중에  그 벌을  받을테니 이젠 벗어나고 당당하고 활기찬 모습 보여 주세요,5,10,1,99.89,-5,15
722,722,정유진 ' 구혜선에게 분풀이' 매일 폭주..매일매일 이상한 제목으로 악플기사씀..이게 팩트죠..얘하고 안 소속사하고 어떤관계인지 넘나 궁금..정유진 얜 구혜선인스타로 먹고살려하네..인성악질이네..혜선씨한테 뭔일 생기면  정유진 아주 죄가 크지,3,8,0,0.91,-5,11
723,723,예쁘긴 하네,2,7,1,79.69,-5,9
724,724,사람들 왜 가해자랑 피해자 구분을 못하지ㅠㅠ? 왜이렇게 안재현한테 이입해요? 수준똑같은가봐,1,6,0,12.18,-5,7
725,725,안재현 빠수니들 너네 또라이 ㅇㅈ?ㅋㅋㅋ,1,6,0,1.89,-5,7
726,726,"구혜선씨 힘내세요 더럽고 하자있는 나쁜것들 천벌받을거에요 악플기사, 악플댓글알바들 꼭 고소하세요 !!!!! 절대 선처해 주지 마세요!!!!",6,12,1,66.39,-6,18
727,727,난 구혜선 응원한다. 가만히 있는놈이 다 피해자는 아니지. 힘내요 구혜선씨!!!,4,10,1,88.27,-6,14
728,728,설리도 한순간인데 혜선이한테 악플달지마라,3,9,1,96.55,-6,12
729,729,동물 좋아하는 사람치고 악한사람 없습니다 마음 잘 추스리고 현명하게 행동하세요,3,9,1,94.13,-6,12
730,730,구혜선 욕하는사람 댓글모음보면유독 구혜선기사에만 댓글을다네알바니..??,3,9,0,0.73,-6,12
731,731,끝까지 응징하세요^^분 풀릴때까지~응원합니다~그런데 마음 떠난 사람 붙잡지 마세요^^새로운 인생 사세요,1,7,1,99.95,-6,8
732,732,알바들아~~~ 수고가 많다ㅋ안씨랑 소속사는 이럴수록 더 비호감인거 모르나봐?떳떳한데 왜 이렇게까지? 뭐가 구린가? 입 쳐 다물고 물밑작업만 해대시네,4,11,0,9.78,-7,15
733,733,마음이 너무 힘들어서 그런 거 같다.... 저 마음 백 번 이해하지.. 안재현이 정말 외도를 했든 단지 사랑이 식었든 한 때 결혼을 결심할 만큼 사랑했던 사람이 이혼통보를 하는데 제정신일 수가 없지.. 다만 구혜선이 조금만 이성적으로 영리하게 굴었으면 대중들도 이렇게 돌아서진 않았을 거 같다... 안재현 엿먹이고 싶었어도 이래선 안됐고 본인 자존심 지키고 싶었어도 이래선 안됐던 거 같아 물론 이조차 자기 마음대로 할 수 없어 보이지만.... 그냥 안쓰러움,4,11,1,92.69,-7,15
734,734,결혼얼마만에 바로 남자가 먼저 별거요구에  여자들이랑 연락에 사생활 난잡에 구혜선 저리 돌만큼 빡치지. 안재현같은 인간은 평생 혼자살듯.,2,9,1,92.59,-7,11
735,735,여자가 한을 품으면 ~~그런속담 모르시나요?전 이해가 되네요.구혜선씨 충분히 새로운 인생 예쁜인생 살수있어요.자기가 행복한게 우선이랍니다. 힘내세요♡♡,1,8,1,99.93,-7,9
736,736,확인됐어요? 진짜 바람인데 소속사랑 안재현이 숨기려고 하는건 아닌가요? 왜 구혜선만 욕하고 ㅁㅊ 사람 취급이세요?,1,8,0,9.31,-7,9
737,737,뭘 자꾸 심술이 가득 해보인댘 악플다는 본인얼굴 보고오셈ㅋㅋㅋㅋㅋㅋㅋㅋㅋㅋㅋㅋㅋㅋㅋ언니의 행보 지지하고 늘 응원합니다!!,1,8,1,99.01,-7,9
738,738,"근데 조용한 안재현과 달리 구혜선만 난리라는 댓글ㅋㅋㅎㅋㅎㅋㅎㅍㅋㅍㅋ안재현 입이 열개라도 조용해야지 먼 말을 하겠어요,,,다 까발려진 마당에 ㅠㅠ",1,8,1,78.81,-7,9
739,739,누가 뭐래도 혜선님은 아무잘못 없으니 말같잖은 악플들 걍 개무시 하시고 늘 그랬던 것처럼 당당히 하고자 했던일 맘껏하세요. 응원합니다.,2,10,0,14.44,-8,12
740,740,구씨 모욕하는 알바들 몇초 사이에 우르르~ 너무 티가 나 ㅋㅋ 또 기어들와서 비공누르고 욕 써대겠지  응? 친구냐 ㄸㄹㅇ냐 병원에 가라 등등 뻔한 레파토리로? ㅋ 일반인들  의견에까지 욕 쳐달고 선동하는 안씨랑 소속사 너무 치졸해서 잘잘못 떠나 일반인인 내가 다 열받는다  정말 안씨 영원히 티비에 못나왔음 좋겠을 정도로 반발심 드네,1,9,0,0.0,-8,10
741,741,첨엔 구혜선 응원했다가 안재현 문자보고 구혜선때문에 숨막혔을거같다 느꼈는데 한편으론 이런 생각도듬..안재현이 훗날 이런부분을 위해 치밀하게 다정한 문자를 기획한건 아닌가하는..,2,11,1,99.99,-9,13
742,742,얼마나 암것도 아닌x 구제해줬더니변심.배신때리니 고통이 컸을까?성격다르다고 다 배신때리고 바람나나?난 구혜선 이러는마음 이해하고 격려해주고싶다 더좋은사람 만날것이고 재능 마음껏펼치라고...,2,13,1,73.17,-11,15
743,743,왜 구혜선에게 뭐라하는지 이해가 안감.잘못한건 안재현인데..억울한건 구혜선이구만...이유가 대체 뭔가요?안재현을 두둔하는 이유는 뭔가요?,0,13,0,4.19,-13,13
744,744,개인 SNS에 일상생활 올린거 퍼다가 기사화 하지 좀 마세요 그리고 여자들은 모두 구혜선씨 편입니다♥ 화이팅!!,2,16,1,99.78,-14,18
745,745,나도 이혼하고 다시 시작하고싶다.. 요즘 와이프 시꺼먼것만봐도 무섭고 바로 죽음.. 근데 신기한게 밖에서는 아가씨들 벗기고 보기만하면 바로 슴.. 내가 이상한건가? 아니면 다른 남자도 똑같은가?,4,19,1,98.86,-15,23
746,746,안재현은 결혼할 준비가 안됀 ㄴ이다결혼이 장난이냐?섹시하지않아서. 이혼이라고?가볍고.  진지하지않고.  그 누구 친구답게. 놀았네사람돼기전에. 결혼하지. 마라,3,23,0,1.14,-20,26
