index,comments,like,dislike,predict,percent,truelike,wholelike
610,조국과 황교안 대결..난 아직결정안했음.왜냐고?조국이 남북관계대박 남아있고...홍콩영주권자인데..트럼푸양반이 팔아먹어 버린셈이라..활로를..이전살든..샌프란으로 다시갈생각.그나저나반일하지마라.조국 아거야..넌 대통되기에는 모르는게 넘많아.걱 정된다.,0,0,1,100.0,0,0
17,"이 정부 정말 구린정부구나? 서울,광주,대구만 남겨 놓는다고? 서울은 그렇다 치고 인천과 부산은? 검찰 특수부가 제일 필요한 곳이 부산과 인천인데 이걸 없앤다는 것은 덮고싶은 범죄가 역대급으로 크다는 거지. 얘들아 마약이 어디로 들어올것 같으냐? 내륙으로 들어올까 항구로 들어올까? 그리고 각종 비리사건의 몸통이 어느 지역에서 벌어진 일들이냐? 민주당과 이 진보라는 것들의 실체가 바로 이거야 국가전복 범죄세력!!!",16,0,1,100.0,16,16
858,개혁이라고 내 놓은게 모두 정경심이에게 유리하네 돈있고 권력있으면 죄지어도 괜찮다는건가 그자리에서 물러나 평등하게 수사받고       무죄가 나오면 국민이 당신을 그자리에 다시 앉혀줄건데 뭣이  그리겁나  못내려오는가  그런 처신이 정의아니겠는가  그럼 국민이 더 박수칠거고 정권지지율도 올라갈건데 왜 단순한 노리를 거스르닌지 알수없네 죄를 많이지었는갑네  겁은잔득머고 그정도 배짱으로  나쁜짓은 어찌했노 우리 쪽팔리게 살지는 말자 위선자 조국,6,0,1,100.0,6,6
339,"조국, 문죄앙의 범죄지가 부산이니 당연히 특수부가 수사하지 못하도록 부산의 특수부를 폐지하는 것이지 뭘그래 새삼 놀라는척 하는가. 조국 문죄앙의 범죄행위는 부산의 특수부가 가장 많은 정보를 가지고 있으니 당연히 이들을 특수부에서 배제하기 위해서 부산 특수부를 폐지하는 것이지 왜이겠는가. 그러니 검찰은 대한민국이 더 이상 망가지지 않지 않도록 조국, 문죄앙을 기소하여 감방으로 보내라 그것이 국민들의 염원이다.",6,2,1,100.0,4,8
761,"부산 특수부 없애야 엘시티 비리카르텔, 후일, 재조사 해야할 부산저축은행 사건관련자들이 편안하게 지낼 수 있고,공수처에서 조사받으면, 얼마든지빠져나갈 수 있으니까...그래서공수처에 사활을 걸고 있는 거 아닌가?내로남불 공수처! 반공유죄 공수처!",5,0,1,100.0,5,5
670,포토라인없애고 심야조사없애면 누가박수칠까? 일반인은 전혀상관없잖아요? 지금은 조국일족이 혜택받지만 이뒤에 정치인 대기업회장 연예인 기득권세력들이 낄낄대고 박수치고있겠지요? 정경심이 처럼 몰래 변호인동행해서 모른다.잘모르겠다.생각안난다.아프다하면서 편안하게 조사받을수있으니까 얼마나좋을까요.이게개혁....난 ~반댈세!!,3,0,1,100.0,3,3
649,페어플레이 하세요!!!. 현정부 재판개입 지나칩니다. 죄가 있는 곳에 마땅히 검찰의 수사가 필요합니다!! 죄짓지 않고 살았다면 검찰개혁을 왜 부르짓나요? 일반 국민에게는 그 보다 더 중요한 것은 비리가 있는 곳에 정의로운 검찰의 수사가 있는 것입니다. 수사나 철저히 받으세요!!,4,0,1,100.0,4,4
574,조국장관님!!!♡♡고생하시고 애쓰십니다.국민이 미안하고  감사합니다!!♡♡♡철저히  검찰 개혁!!!부탁드립니다^^♡,7,7,1,100.0,0,14
621,"특수부 부장검사 출신 변호사는 ""전국의 부패범죄가 사라지지 않은 상황에서 특수부가 축소될 때 웃는 것이 일반 시민일지 아니면 범죄자일지 생각해 볼 필요가 있다""고 말했다...........특수부 유지해서 좋은건 검사들 뿐이니까... 니들 웃는 꼴은 못 보겠다.... 일반시민 함부러 들먹거리지 마라",0,1,1,100.0,-1,1
928,"''힘이 곧 정의 이다!'' 권력을 잡은 민주당이 주장하는 것 곧 정의 라고 할수 있다. 권력이없는 자는 당연히 복종하고 따라야 사회질서가 유지된다. 권력이 없는 자들(자한당,광화문 집회자)이 권력에 저항하면서 발생되는 사회혼란은 결코 용인할 수 없다. 권력의 목적을 훼손하기 때문이다. 또한 목적이 정의롭다(검찰개혁)면 수단은 정의롭지 못해도(조국 법무부장관)용인되어야 한다. 목적이 수단을 정당화할 수 있는 사회가 진정 실용적인 가치를 포용하는 사회라 할 수 있다. 진보는 이런 사회를 지향한다.",0,8,1,100.0,-8,8
12,"대구를 남기고 부산을 뺀 것은 부산,울산,경남은 이미 장악을 했는데 대구,경북만 아직 장악하지 못했다는 것이 그 첫번째 이유고, 다른 또 하나는 지금 부산시장 오거돈의 모가지가 미투와 선거법위반으로 달랑달랑하거든, 부산시장 오거돈을 파기 시작하면 부시장 유재수, 부산의료원장 노환중이 걸려 나오고 이어서 조국 나오고 해수부 나오고 다 걸려 나오거든. 검찰개혁을 이렇게 서두르는 이유 역시 정경심 파면 조국 나오고 조국 파면 문재인이 걸려 나오거든 그러니까 검찰을 조져야 되는거야",12,0,1,100.0,12,12
11,"더 강력한 검찰(특히 특수부) 만들어라...멍청한 문재인이 자주쓰는 표현...아무도 흔들 수 없는 검찰의 완전한 사법 독립...이게 개혁이다....사실 일반 착한 국민들 특수부 검사 만날 일 평생 없습니다.,,조국같은 특권층 쓰레기들 청소하는 곳이니까요",5,1,1,100.0,4,6
881,■■■윗물(정치인)이 맑아야  아랫물(국민)도 맑다.........조국과 그 주변은 똥물!,3,1,1,100.0,2,4
677,민주주의 와  인권 침해를 했던   특수부는  전부   해체를 해야  한다    자한당은   민주주의 와인권을유린했던   당이다    대한민국 국민들이  알아야 한다   자한당   지지자들은   정치 수준이   넘 낮기에   걱정된다,0,2,1,99.99,-2,2
966,여기서 검찰개혁에 거품무는 인간들 치고 특수부에 불려갔던 사람이 아닌가 하는데 그런인간들 치고 깨끗한 인간 없는거 맞지.. 일반 사람들 그런데 갈 일없다.. 오히려 있어야 한다고 보는데.. 근데 조국이 설치는건 아니잖아 니가 수사대상인데.. 도둑놈이 포도청 개혁한다고 설치는거잖아..,22,4,1,99.99,18,26
877,부산 토착비리 세력을 타 지역에서 관리감찰 하는것이 옳다. 수사수요가 많은 만큼 비리 또한 엄청난것이 부산의 현실!,0,0,1,99.98,0,0
188,부산없애는게 맞다. 조국 문재인 노무현 전부 다 부산땅출신임. 사실상 전라도보다 pk가 더 문제다.,1,1,1,99.98,0,2
604,조국이나 안간잽이는대통 하기에는..모르는게넘많은 초보놈들이라.참걱정스럽다..반일도 그렇고..그래도 교활이가 좀  앞서 있는듯..아니 어쩌면  많이 앞서 있는지도...,0,0,1,99.98,0,0
946,반부패수사부 명칭이 조구기일가 부패 조사하기에는 딱 적절한 명칭인 것 같다.ㅋㅋ 반부패수사 1호가 조국기일가이네.,4,0,1,99.97,4,4
232,"불쏘지게가 되고자 사표낸다는 조국,  아니지 내일 국감에서 말잘못하면 위증죄를 범하게되니 거짓말도 안되니 사표를 던진거지ᆢ 끝까지 사과 안하는 조국,   사회주의자는 사과를 안한다지만 대단하다 조국~",7,4,1,99.96,3,11
415,너네끼리 다 헤쳐먹네~이 썩어빠진 문재인정권과 민주당 그리고 조국가~~대단하다.정권은 영원할 수 없다는걸 전 정권들을 통해 봤을텐데~~감빵 동기될 너네들 지금은 축배를 들어라~곧 좌석배정 될 것이다,1,1,1,99.96,0,2
618,중앙일보 쉐이들 이젠 좃선을 능가하는구나. 조만간 중좃 똥될듯...ㅋ  조국은 열나 까면서   범법자 나경원이는 왜 뒤지지  않는거냐?!  악성 언론×정치검잘×친일자한이 초근 사건의 본질!!   진실을 언제까지 가릴 수 있을까.ㅋ ㅋ,2,3,1,99.96,-1,5
978,"조국~~~모친 웅동학원 사회 환원?푸하핳하~~~ 입장문을 읽어 보다가, 법인에 독립운동의 가족사가 담겨 잇다길래 찾아보니. 과거 독립운동과 초기 웅동학원이 연관이 있고 실제 민족사학 역할은 한것은 사실이다. 그러나 조국 아버지는 해방하고 아주 한참 뒤인 1985년경 인수를 한거ㅋㅋ 헌데 이걸 독립운동의 가족사가 잇다고 말한다?? 이게 말이 되나? 독립운동은 다른 웅동학원 관련된 당시 선조분들이 한 거지 본인들은 한참 뒤에 지역유지로서 학교법인 인수해서 운영했는데 독립운동을 입에 담나?? 서기꾼아! 양심이 있다면 닥치거라!",7,3,1,99.96,4,10
753,일본이 특수부 3개라서 우리도 3개만 남긴다고??? 너희야말로 토착왜구구나!!! 부산에 오거돈 비리 심하게 많지.. 크루즈 사업에 와이파이에... 게다가 조국 동생 조권이 경찰 임명도 좌지 우지 했다하고.. 부산이야말로 가까이 검찰 필요하다!,2,0,1,99.95,2,2
67,검찰 직접수사 싹 다 없애라 우리보다 조직 5배나 큰 일본검찰도 직접수사 하는 데는 겨우 3곳이다,0,1,1,99.94,-1,1
61,대구까지는 그래도 주말에 ktx타고 서울 가기도 편하고 살기도 좋거든.자식들 학군도 수성구에 보내면 교육도 괜찮고..그냥 강남 보다는 못해도 전국에서는 살기 좋은 곳 중에 하나임,1,1,1,99.93,0,2
134,국민들은 역사에 길이길이 저 면상들기억할것이다~~니들이 지금 저지르고있는 모든 패악질을국민은 반드시 심판하게될것이다~~~천하에 못된패거리들아~~~,3,0,1,99.93,3,3
781,신속하게 처리하는걸보니 검찰과기레기가 왜그리 날뛰었는지 알겠다...그동안은 개혁한다하고 못할거뻔히알았는데 조국은 진짜 지네들 목숨 끊을거 알았거든...ㅎㅎ,0,5,1,99.9,-5,5
508,정부 행정부 인사와 민주당 국개들이 제일 좋아하겠지 일반 국민들은 특수부가 존재해서 부패 범죄를 수사하길 바린다,0,0,1,99.9,0,0
173,"옵션 열기조국사퇴 반대한다!끝까지 국민이 함께 합니다.지금도 검찰과 언론, 자한당은 토착왜구들이다.저들을 지지하고 추종하는 자들은 매국노 조중동과 친일독재 수구보수의 토사물인 일베충 뿐이다.민주당 정의당 전원은 의원직사퇴의 배수진으로 매국노 조중동과 토착왜구들에 맞서 싸워라.",2,9,1,99.89,-7,11
298,표정보면 죄없는데 나에게 핍박을 주냐 그런표정과 제스쳐!그리 문제가 많은데 어쩜 저리 당당한지!,2,0,1,99.88,2,2
543,부산이 대한민국 제2의도시고 인구도 광역시중에 제일많은데 부산특수부폐지?ㅋㅋㅋㅋㅋㅋㅋ좃국새끼 짱돌굴리고 뺑끼존나쓰는데 안그래도된다 범죄자새끼야,4,0,1,99.84,4,4
904,특수부에서 조사하받는 사람는 일반 국민이 아니라 정치인 경제인등 상위 지배층인데 왜 이걸 축소를 하는거임?,2,0,1,99.82,2,2
602,"문재인 정권의 승리가 국민의 승리이고, 우리가 조국입니다!!♡♡사랑하고, 감사하고!!!♡",1,8,1,99.81,-7,9
632,어떤 글이나 말로도 표현할수없는 대역대급 조씨가족들~,1,0,1,99.81,1,1
900,급진보주위자들은 어차피 명이짧다 역사가 증명한다 ㅎ ㅎ 너무 많은걸 급하게 하려면 적이 많아지지  ㅎ,3,0,1,99.78,3,3
287,개획의 끝이 어디있을까요? 상황에 따라 변화에 따라 적응해가는게삶이라 생각합니다행정부의 힘으로만 안돼고 입법부의 협력이 절실히 필요한 시기에 참으로 안타까운 현실입니다~,0,0,1,99.77,0,0
728,캬 중알일보 쩐다ㅎㅎ부산은 왜빠졌녜ㅋㅋㅋㄱ진짜 갖다맞추기 잘한다ㅋㅋㅋㄱ,0,0,1,99.76,0,0
460,11월 사퇴설! 조국 최대한 성과 내고 조국이니까 이 정도까지 가능했다. 외치며 국민의 뜻을 겸허히 받겠다며 퇴진. 내년총선에 부산 출마 당선.,0,3,1,99.73,-3,3
117,"문정권 들어서고 좌빠리들이공공연히 떠드는개소리가  수구꼴통 대구를 없애야한다고 하더만.,..너거 대가리 먼저 뿌셔지겠다! 대갈통간수 잘~~~해라!좌빨들아.",4,1,1,99.69,3,5
65,조미꾸라지가 국감  앞두고 위증죄 될까봐 빠져나갔네.자기식구 압박 못하도록 안전장치 해놓고!!그러나!!!!제대로 조사 받아라!그리고 조패밀리들 다 감빵행 가즈아~,9,0,1,99.69,9,9
354,도둑 고양이가 생선집 사람 주인 몰아낸샘 ㅋㅋ정말 대박이다 이 나라 ㅋㅋ,1,0,1,99.69,1,1
273,조국 한놈때문에 부산은..지금부터 도둑사기범 조국이 감옥갈때까지...부산부곡이다,0,1,1,99.69,-1,1
762,정권 바뀌면 현정부에서 이뤄진 모든 개혁관련 법안을 원점 재검토하고 다시 리셋해야됨,3,0,1,99.68,3,3
327,하여튼 피의자가 뭔지도 모르는 것들이  시비는  조국 만큼  깨끗한 사람이 어디에 있냐. 지금 까지 수사가  포창장 위조란다. 만약 하버드대 위조 했으면 말을 안겠다. ㅋㅋ,0,6,1,99.67,-6,6
184,"자칭 국민을 위한 검찰. 레이스 끝내지 말고 조국일가 털었던 대학교 전수조사해라.. 입시에 관련된 비리들이 수도 없이 쏟아질텐데 일가족 하나로 모든 걸 일반화 하기엔 너무 치졸하지 않냐? 그 외에도 고위공직자에 대한 신랄한 검증기준을 조국에만 편향하지말고 좌우상하 막론, 국회의원도 다 털어라.",2,0,1,99.59,2,2
254,"우리 백성 국민은 패스트트랙 헌법개정안 공수처설치 함정이 있다는 사실 알아야 할것이다,국가의 기능  모든 헌법이 무너지고 ""검, 경, 입법 산하 기관이! 허수아비 역활만 할수밖에 없다는점 상기! 공수처기관은 오직 자신들의 집권세력 보호막을 형성 해줄 국가비밀경찰 이다, 말하자면 자신의 적폐는무죄고 외에 백성의 적폐는 거짓과 선동을 일삼는 독재가 시작 될것이며 삼권 분립 이 무너진 대한민국은 백성들의 삶의 터전 마저 위협을 받게 될것이다, ""먼저 앞서 생각 말고 면밀히 다시한번 생각 하자""",6,0,1,99.53,6,6
87,부산 왜 특수부 없애냐! 부산은 있어야지!!! 세종시에도 하나 만들어라.,3,0,1,99.52,3,3
198,그래도  윤석열  끝까지 화이팅  지금쇼 하고잇음  내년선거  아무도안뽑아 제발끝까지 조국비리  파헤지시길  아님정부랑협약한듯오해가~,2,0,1,99.52,2,2
428,조국 화이팅! 끝까지 지지합니다! 악플댓글이 여론이 아닙니다 조국 힘내십시오,1,3,1,99.5,-2,4
552,특수부에 부산뺀건 자신에 비리를 숨기기 위한 작전이다!조국구속하고 문재인퇴진해라!,8,3,1,99.36,5,11
739,댓글찬반좀소세요 조국씨당신이 무슨개혁을 한다고 당신덕에문재앙대통령 민주당 지지율다빠졌어요검찰조서받을사람이 물타기 하려구 검찰개혁한다면 누가믿나요검찰잘하고있으니 신경써지마세요,0,1,1,99.33,-1,1
484,두번째 도시인 부산이 빠지고  광주가 들어 가다니 ...조국 지키기에  올인한 느낌.,4,0,1,99.31,4,4
408,"사법 장악, 공수처 결사반대합니다, 잘몰랐눈데 내용 알고보니 독재기관입니다!",5,0,1,99.13,5,5
355,무능한 정부~~~검찰개혁이 중요하니!!!젊은이들 취업난 해결해라!!!,4,0,1,99.08,4,4
955,지금은 세상 모든게 네것인것 같을것이다ㆍ할수있는거 다해바라  더러운 애송이야ㆍ훗날 넌 국가와 전국민을 능멸한죄 사형이다,0,0,1,99.05,0,0
971,"왜 부산은 특수부를 해체시키는지 답은 뻔하죠?   조국과 문제인 고향이 부산이라 부산, 경남쪽에 친인척과 지인이 많이 있어 그들이 부패로 이득을 지속할려고 부산쪽 특수부를 폐쇄시키겠지요 -  쉽게 생각하세요 ㅋ",2312,751,1,99.02,1561,3063
622,"조대가리. 너가 개혁하지마.너가 한 개혁은 무효! 너의 딸 의전 입학도 무효! 너의 아들 대학원도 무효! 너의 법무부장관도 무효! 경매로 산 너의 집도 무효!너의 동생 위장이혼도 무효! 살아 숨쉬는 모든 것이 너는 무효.가짜 인생, 위선자~",3,3,1,99.0,0,6
871,조국 사진 제발 올리지 않았면 합니다 피의자가 검찰개혁 발표한다고요? 국민을 개돼지로 보십니까?,4,1,1,98.94,3,5
94,다 없애던지 서울빼고 전부 없애던지 !,0,1,1,98.94,-1,1
810,특수부 없앤다고 감찰 개헉이 될까??오히려 범죄조직에 좋은 일만 하는거 아닌지...,2,0,1,98.91,2,2
481,지금 문제가 있는 오거돈과 관계도 있고.. 부산의전과도 관계도 있고.. 부산에 특수부가 있으면 조국 가족들이 곤란하니까 그런거 아니겠니.? ㅋ,3,0,1,98.84,3,3
636,"트위터에 남 비난하는거 외에 실무경험도 검찰내부 상황도 전혀모르는 백면서생의  망나니짓,   윤석렬이  한발 앞서 다 하고있는데 뒤따르며 나머지 공부하냐?  전정권 조지라고 특수부 엄청 키울땐 언제고  축소가 개혁 이래니?",2,0,1,98.67,2,2
742,종북역도놈 문개와 조국놈의 더러운 자의로 쪼물딱거리며 짜고치는 검찰개혁 필요없다.   지금 검찰을 아무것도 건드리지 않고 고스란히 온전하게 그대로 검찰이 정치적으로 흔들리지 않고 일하도록  해야한다. 종북역도놈 문개 조국 더러운 놈들의 추악한  야욕의 흉한 악취 풍기는 검찰개혁 필요없다.,2,0,1,98.63,2,2
516,조국 화이팅  !!!!!,0,3,1,98.6,-3,3
101,부산이 왜 빠지나 ㆍㆍ진정 설치 되야 될곳은 부산인데 ㆍㆍ물동량 인구  등등  ㆍㆍ,4,1,1,98.59,3,5
537,국가정책을 조국 구하기에 동원하니 졸속이 될 수밖에...,2,0,1,98.58,2,2
582,"""영남 지역에 부산지검이 아닌 대구지검에 특수부를 남기는 방안을 먼저 제안한 것은 법무부가 아닌 대검이었다고 한다. ""    윤석렬이 했다잖아 이 삐구 토착왜구 매국노들아!! 기사도 못 읽냐? 노안와서? ㅋㅋㅋ",0,1,1,98.56,-1,1
934,현재 대한민국에서 가장 부패한 넘이 반부패?ㅎㅎㅎㅎ 노냐?,3,0,1,98.54,3,3
748,조국이 지맘대로 주무르는데 아 진짜 개열받네 저새끼 진짜 ... 조국은 나가 뒤지길,1,0,1,98.54,1,1
747,검찰개악이다! 특수부 없애기 전에 조국 구속! 그리고 문정권의 개 노릇하는 경찰개혁이 먼저이다!,2,0,1,98.5,2,2
642,없애고 축소하고 검찰개혁 참 쉽죠잉...조국 구속 못시키면  삼성도 수사 종결해라..,3,0,1,98.47,3,3
137,나 부산토박인데  조국 건마  부산놈아니다  그런 OOO같은놈은  부산아니다  임마는    절대 부산놈아니다,0,3,1,98.43,-3,3
416,"조국아, 게수작 부리지 말라우. 개혁대상은 당신과 네 가족이다",1,0,1,98.34,1,1
491,검찰개혁 화이팅! 토요일에 서초에서 만납시다,0,3,1,98.34,-3,3
878,부산이..범죄우두머리에 온상지인가보네..개혁은 계속된다~~~~!^^화이팅~☆,1,1,1,98.29,0,2
935,대구가 한국당좋아해서인가 싶기도 ㅎㅎ,0,0,1,98.28,0,0
111,"ㅎㅎ ㅎ...동네 웃낀다. 자한당이 나라쳐말아드시고 더불당이 여당이 됐는데대통령은 양산, 조국 부산인데 갱상도는전라도를 절나 욕해요. 웃기지 않나요?하여튼 양아치이색히들일세~~",2,1,1,98.26,1,3
766,"김기춘, 황교안, 양승태, 우병우, 김학의, 나경원 같은 인간들도 다시 전면 재조사해야한다. 그래야 공평하다. 조국처럼 사돈에 오촌까지 다 털어보자~ 뭐가 나올지 궁금하다.",2,4,1,98.12,-2,6
856,내가 피해자라면 경찰보다는 검찰에서 수사 맡아주는게 마음이 놓인다경찰보다는 검찰에 신뢰간다검찰력 약화시켜 좋은건 힘센놈 가진자들이다,1,0,1,98.03,1,1
501,어휴 기자 진짜... 조국이 지금 부산 사냐?,0,2,1,98.03,-2,2
270,사람 살인해도 위법사항만 인멸하면 무죄인 나라가 되었다. 위법사항만 감추자~^^,0,0,1,97.96,0,0
34,적폐가 더많으면 없애는게 답이다.,0,0,1,97.95,0,0
16,엥간히해라 기레기 shake it. 조국이 지금 부산에 사는것도 아닌데,0,6,1,97.88,-6,6
933,이정권 끝나면 특수부 다시 개편해서 늘리면되지!,1,0,1,97.87,1,1
169,이번에 조국임명에부역하고 5촌 조카와 통화한  법무부직원. 구속해야한다 공무원이  조국 기에 협조한것임,3,1,1,97.84,2,4
313,이 분이 진행한 사항 모든것 국민이 인정 할 수 없습니다. 모든 것 돌려놓고 다시 시작해야 합니다. 피해보상은 부정장학금부터 시작하여 조국에게 받읍시다.,2,0,1,97.83,2,2
796,권력형 부패형 범죄의 직접수사 축소. 공수처 밑밥깔기.. 야당은 반드시 저지시켜라.,0,0,1,97.69,0,0
388,드디어 물러나네요 지금 언론사엠바고중이고 14시부터보도시작한답니다 이제 ㅁㅈㅇ만남았습니다,0,0,1,97.61,0,0
597,이번 기회에 검찰 개혁 꼭 이뤄내야한다,1,0,1,97.51,1,1
247,이제 국민들은 너희의 꿍꿍이를 다 안다 초딩정부네 개종자,2,1,1,97.47,1,3
803,3개도 많아. 하나만 남겨라. 이번에 검찰개혁 못하면 문재인은 죽고 언젠가 또 혁명으로 정부가 뒤집어 진다. 목숨걸고 해내라,0,11,1,97.35,-11,11
829,조국 ᆢ부산 팔지마라,1,0,1,97.31,1,1
368,범죄자새끼가 개혁을 운운하는 코미디같은 나라가된 자유민주주의 대한민국...정말 참담하다,1,0,1,97.27,1,1
603,윤석렬은 잘생기진 않아도 선하게 생겼는데 조국은 보면볼수록 욕심드럽게 많고 뻔뻔하게 생겼네,0,1,1,97.15,-1,1
33,"광주는 전라도 특별시랑께요~글고, 워낙 삶은소대가리를 좋아하는 양아치가 많아 꼭 있으야 된당께요~",0,2,1,97.1,-2,2
860,조국 아니면 못한다던 개혁이 이런 날탱이식이었나 이런건 조국 아니더라도 누구나 가능 하다,1,0,1,97.1,1,1
403,부산도 특수부 있어야지!!!!,0,0,1,97.06,0,0
95,걱정하지마라 정권바뀌면 다시 부활된다 문빠들 적폐정산하고 전부 숙청시키자,7,2,1,96.95,5,9
378,"조국고향이 부산? 전라도 빨이 사회주의자 부산출신없다, 문재인 부산? 그는 고향이 북조선이다",1,0,1,96.81,1,1
929,국가는 타임머신 개발하라..!!!난 2016년 탄핵이전으로 돌아가길 원한다,13,4,1,96.62,9,17
324,도둑범죄자가  검찰개혁  이는 오히려 잠정적  특수 범죄자들에겐 좋은소식  부산.경남.울산지역이 대구지역보다 크고 굵직한 특수한 사건이 많다.  이상해요,1,0,1,96.55,1,1
351,별게 다 트집이네~ 다 없애야하는데 3개 살려준 것도 감지덕지해야지!!,1,3,1,96.5,-2,4
420,긴말 필요없다  공수처 사법개혁법안 1년 넘개 뭉개고 방해하는 정치인들 이번 돌아오는 선거에서 반드시 정리해고 시켜야한다,1,0,1,96.5,1,1
165,이런기사 제목을 보면 정말 신문 언론이란 것들은 필요가 없는것같다,2,0,1,96.37,2,2
861,가장  부패한자가  반부패수사부를 만든다???개나 소도 웃을 한편의 코메디ㅣ네  충분한 여론수렴도  없이  그리고 법조계원로등   사회 각계각층의  의견  취합도 없이   발등에 떨어진 불처럼그리도 서두르나   아마  조국패밀리  수사가막바지에  다다른 모양이지  그리고 또 폐북에내가  검찰개혁을  완성  시켰노라고   ×랄 떨겠지,1,0,1,96.33,1,1
228,"부산 항구를 통해서, 대북 지원과 간첩들의 통로를 배려해주는 종북 정권이기 때문이 아닐까요??? 항상 북한 김정은 수령의 입장에서 사안을 해석해보면 정답이 즉시 보이는 더붉은당ㅋㅋ 너무 단순 무식한 좌익 정권이다.",4,0,1,96.21,4,4
631,"보기싫은 얼굴..문재인,조국,총리,민주당....단군 이후..최고의 위선자 적폐...",1,0,1,96.12,1,1
744,조국을  응원합니다,1,6,1,96.11,-5,7
831,ㅋㅋㅋ 속보인다 문죄앙 좃국아! 탄핵당할 준비들이나 해라!,2,1,1,96.06,1,3
297,진짜 언론이 댕댕이가 다됐네 .. 진짜 나라 망조다,1,0,1,96.03,1,1
540,정적들 팰 땐 열심히 써대다가 지들한테 칼 들이미니 바로 없앰ㅋㅋ,1,0,1,95.94,1,1
44,부산에  드루킹  소굴  몸통있으니  특검  못하게  하려고  수작부린거  같다,14,0,1,95.89,14,14
750,국민의 명령이다. 범죄자 조국 그 아가리 닫으라,3,0,1,95.82,3,3
792,"막무가네식 조국위한,조국에의한,조국의 검찰장악",0,0,1,95.7,0,0
373,"시작이반이다. 주디로하는 인간들아, 니들이 해봐라. 조국장관님이 아니라면 누구도 못할일이다.",0,2,1,95.36,-2,2
242,범죄자가  법을 논하니  삶은 소대가리가 웃을지경이다!  머리속은 빨갛고  얼굴은 철면피고 뒤꽁무니는 구리고!,4,0,1,95.33,4,4
332,태극기 들고 시위하는것도 이제 못할수도있다. 국가의 주인이 국민이 아닌 저들것이 될 수도있단말이다. 지금 하는짓으로 봐선 충분히 그럴꺼 같다는 생각이 든다.내년 총선 정신바싹차리고 해야한다. 정말 심각할정도다.,4,0,1,95.25,4,4
920,"또 급한척  졸속처리냐... 법조계의 논의는 필요없고? 이게  소통이 잘되는 정부라고 생각하나? 모든게 조국구하기로 밖에 안보인다.. 국민은 불결한 ""개혁"" 거부한다",4,0,1,95.24,4,4
187,대구에 살긴 하지만 유착비리 엄청나다.. 겁나 썩음,1,0,1,95.24,1,1
510,느그 석열이가 그렇게 하쟤 토요일 서초역에서 보자 춘장아,1,1,1,95.14,0,2
30,개혁이 아니고 임기후 자신들 안위를위한거였구만~~ 국가보안법 여론조작 등 지은죄가 많아서 살아남기위해 국민들을 이용했네~!!,12,1,1,95.0,11,13
367,검찰개혁 잘하고 있다. 어차피 해야 할 일 손에 피뭏은 조국이 최적임자다.,0,2,1,94.88,-2,2
404,조국이 조국하는구나,0,0,1,94.86,0,0
757,부산시장 지켜야 지가 사니까,4,0,1,94.71,4,4
314,장관님 힘내세요 고맙습니다,1,4,1,94.62,-3,5
335,10수가 한다는거 수용이란다 문맹들아 ㅎ,0,0,1,94.45,0,0
252,나랏일이 장냔이냐부산은 특수부가 꼭 필요하다,4,0,1,94.43,4,4
768,웃기는 세상이되는구나  훗날 후회할거다,1,0,1,94.02,1,1
304,"조국 장관의 당당한 모습이 믿음이 가네,",2,10,1,93.95,-8,12
383,왜 조국이 개혁하냐? 구속이 답이다,0,0,1,93.79,0,0
411,기레기 제목봐라.. 대검에서 영남지역은 대구로 정했다며..,0,0,1,93.53,0,0
364,좋아요! 힘드시겟지만 잘해주시길 바랍니다,0,3,1,93.53,-3,3
942,이놈의정권 망조가 들엇다낙화산인사발령 최고라더니 부패비리정권!!!,4,0,1,93.07,4,4
907,부산은 정권을 잡았으니 이제 대구를 잡겠다는 것으로 생각되네요,0,0,1,92.91,0,0
625,지역감정의 끝판왕 역시 현정권실세1위답네,1,0,1,92.55,1,1
910,법조계 반발 좋아하시네 국민이 원한다 ㅅㄲ들아,1,5,1,92.4,-4,6
396,부산이 제 2도시 아녀? 부산 사람들 가만히 있나요?,0,0,1,92.3,0,0
1,중앙일보 기자님들은 좋겠다.받아쓰기 잘 해서,1,1,1,92.28,0,2
612,"검찰개혁, 조국수호!!언론개혁!!공수처설치!!!",1,11,1,92.14,-10,12
419,부산 놈들이 짜고 치는 고스톱이라더니 사실이네............!!!,1,0,1,92.1,1,1
866,"특수부,반부폐수사부등 조국의 말장난입니다. 형사부만으로도 충분합니다. 수사권조정을 전제로검찰의 정치적중립,예산독립,인사독립이 진정한 개혁입니다.",2,0,1,91.93,2,2
500,어떻게 저새끼는 저렇게 해쳐먹고도 반부패같은 소리를 아가리로 내뱉는지 아가리 찢어서 검사해보고싶네,2,0,1,91.93,2,2
204,"인천 부산은 남겨야 하는거 아니냐 우리나라 2,3대 도시고 조폭, 외국인 낀 강력 조직범죄도 많은데 왜 빠졌냐",6,0,1,91.64,6,6
722,조국은 사퇴하고 수사 받으라,0,0,1,91.58,0,0
31,"너무너무너무 속보인다..느그를위한게 검찰개혁이었나..국민은 특수부 조사받을일도없다. 정치인, 재벌등등 가진자들만 해당될 특수부 없애려고 그난리를 떨며 조국을 법무부장관시키려고 한거였냐?? 결국 자기들이 혜택보려고 개혁같지도않은 개혁하자고 한거였네...",11,2,1,91.09,9,13
596,왜냐고요?지자신을 위한 법을 빨리 만들어야 하니까요...조국에게 조국과국민은 잆어요~오직 자기 자시과  자기가족만 잇을뿐.....그를 추종하는 대깨문들  신기함....,3,1,1,91.03,2,4
253,와 이럴려고 법무장관 했네. ㄷㄷㄷㄷㄷㄷ공산당 6000억 후원받고 그거 감출러고 부산지방검찰청 박살내는중. ㅠ.ㅠ,6,1,1,91.02,5,7
973,대구가 서울 다음으로 지방검찰청 .고등검찰청 생긴 역사성이 있다지만?그거는 구한말.일제때 애기고 현실성을 따져야지...,0,1,1,90.92,-1,1
482,다음은 언론개혁이지^^ 중앙 니가 일빠야 기레기들아,0,0,1,90.77,0,0
976,부산에 특수부 두면 조문 둘다 정권 끝나고 가족들 털릴까봐....그러겠죠...ㅎㅎㅎ,394,453,1,90.65,-59,847
492,법처리를 받아야 될 사람들이 경찰과 법무부 개혁하겠다고 하면 납득이 되는 일인가요?  상식적으로 납득이 잘 안되네요.  아무리 그것이 옳다고 해도 바라보는 국민들 눈에는 아닌듯 하네요.,1,0,1,90.64,1,1
300,빨리 이들을 막아서 끌어내려야하네!!,0,0,1,90.52,0,0
6,우습지도 않다..이걸 기사라고 쓰니?..검찰이 던져주는 뼈다귀만 먹다보니 수준이...,1,2,1,90.35,-1,3
107,부산은  왜  없애냐?  당사자들이  많아서?,0,0,1,90.34,0,0
399,검찰 개혁 후 언론개혁까지 빠르게 합시다!!,0,0,1,90.21,0,0
219,아............이렇게 가시면 안됩니다 ....ㅎ ㅏ..... 조금만 견디시지..,3,5,1,90.11,-2,8
899,조국장관님 검찰개혁 꼭 해주세요.   화이팅! !,1,4,1,89.8,-3,5
818,아니 서울특별시 다음으로 부산인데 부산을 왜빼? 광주 대구를 폄하하는게아니라 인구밀도로 보나 도시발전으로 보나 부산이 2번째 아닌가?,28,3,1,89.63,25,31
150,없앤다구? 그럼 다시 만들면 된다.,7,1,1,89.22,6,8
672,"그런식이면 대전, 전주, 제주도 다 수요가 있지.  모든곳에 다 있어야 하는게 잘못된거지 이 기레기 똥덩어리야..",0,1,1,89.2,-1,1
211,특수부 이름을 반부패수사부로 바꾸는 것이 검찰개혁?조국이 이 인간 정말로 말장난 하는구나?끝까지 네가 검찰개혁을 쌨다는 인간이라고 대접 받고싶냐?참으로 뻔뻔하고 후안무치한 놈 이구나!,0,0,1,88.93,0,0
316,적폐수사로 반대세력 청산이 마무리 되니 향후 심판받을 지도 모를 자신들의 처지를 생각해서 검찰을 개혁하고 독재정권 유지를 위해 사법개악을 서두르는 듯. 인권보호와 민주성 확충을 위한 사법개혁은 환영하되 검찰 특수부 축소 공수처 설치 등 독재정권을 유지 강화하기 위한 사법개악은 결사반대해야...,7,1,1,88.83,6,8
217,대한민국  만세 만세 만세!!!!!,0,1,1,88.69,-1,1
306,"노래가사에도 있다!! 서울, 부산, 대구, 광주 찍고... 예라이!!!",1,0,1,88.16,1,1
13,대전은 조용한 동네라 특수부가 잇을필요 없지..,0,0,1,87.67,0,0
96,그만두는 자기가 발표했다고  그대로 해야하나???나가면서도 국민들 속을 뒤집어놓는 당신과 정부 그리고 더불어터진당... 내년에 심판대 앞에서...,14,1,1,87.32,13,15
231,조구기가 수를 썼네 조국스러운 넘,3,0,1,87.3,3,3
234,다 없애버려야합니다!!!  그렇게 진행하실거라 믿습니다...,0,0,1,87.3,0,0
980,법무부와 대검은 1973년 신설된 특별수사부란 명칭도 45년만에 반부패수사부로 변경키로 했다ㅡㅡㅡ  특수부를 없애는게  아니라..  명칭을 바꾸는 거네  ㅋㅋㅋㅋㅋ,2,1,1,86.75,1,3
794,와우 부산 지역 경제사범들 쏘리질러~~,1,0,1,86.63,1,1
626,검찰개혁이 아니라 조국갑질이 시작되는구나!,3,1,1,86.44,2,4
953,결국 지들은 수사 안받고 죄가 있어도 빠져나가겠다는 거네~ 현재 야당 성향이 강한 대구에만 특수부 존치시켜 TK 인사들 견제하겠다는건데~ 동남권 공항은 부산에 만들어야 한다는 인간들이 특수부 수사는 대구하고 광주만 받으라고? 참 뻔뻔스럽고 가증스럽다~,1,0,1,86.23,1,1
269,개혁획실히 해라 이번엔.,0,1,1,86.02,-1,1
526,중앙일보 기레기들 화이팅!,0,1,1,85.84,-1,1
837,이해찬이 보니까 든든하다. 내년 총선은 한국당 압승이여. 땅 짚고 헤엄치는 선거 될것.,6,0,1,85.82,6,6
209,이런 미친~~~ 법무부 장관이 사법고시도 패스 못한 어중이떠중이를 데려다 앉힌건~ 의사협회장이 의사가 아닌거랑 뭐가 다른가~~~!!! 이 정도 말 하는건 이제 애교에 불과하고~ 사이비 교주가 교인들 성폭행 하면 잡아가는 세상 아닌가~~!!! 그런데 범죄자가 자신을 잡아쳐넣을 법을 바꾸고 있다는건 말이 되는 것인가~~??? 개댁기들아~ 너희들이 연쇄살인마 잡아넣을 근거가 뭐냐~~??? 전무후무한 사기죄는 죄가 아니고~ 살인만 죄인가~~???,2,3,1,85.8,-1,5
357,구속당할 자가 개혁이라~ 역사에 길이길이 남을 후안무치! 후안무치가 힘이 세다는 걸 알았나보네!,6,0,1,85.79,6,6
749,진짜 이건 뭐 자기 맘대로다 어린아이 장난감갖고 노는것처럼ㅎㅎ,1,0,1,85.73,1,1
305,"서초촛불집회 시민 주최로 바꿔서 이번주에도 계속 이어집니다~ DJ, 노무현 대통령때 실패한 검찰개혁 이번에야말로 꼭 이루어야합니다!!",2,6,1,85.66,-4,8
42,조국 고향이 부산아니냐. 서울대 복귀도 힘들거고 부산집에가서 짱박히겠지 머리잘쓰네,6,0,1,85.59,6,6
682,조국사퇴 동시에 원상보구 하면되지..,0,0,1,85.57,0,0
862,검찰은 그입 다물라. 지금 반발할 때인가? 김학의 같은 인간들  같으니라고...,0,2,1,85.41,-2,2
567,악마같은 친일파에 등재된 홍진기일가의 중앙일보가 아직까지 대한민국에서 신문을 팔고있다니... 하늘에 계신 독립군들께서 얼마나 원통해 하실까요~!!,8,3,1,85.37,5,11
939,"ㅋㅋ.부산에 지금 터질게 많거든. 그래서 그렇지.ㅋㅋㅋ. 하여튼 쥐새끼같은 놈들, 잔꾀는 아주 최고여",42,5,1,84.73,37,47
669,티비에서 조국이 말하면 왜 신뢰가 안가지?,2,0,1,84.57,2,2
92,언론들아 진짜 니들이 언론이냐 어휴 정말,1,0,1,84.52,1,1
345,참....이젠 부산 빠졌다고 난리네 사사건건 머리들도 좋아~,0,0,1,84.4,0,0
226,"조국 패밀리의 혐의 사건,  웅동학원이나 부산대 의전원입시관련사건... 관할이 어디겠냐? 부산지검이지... 범죄혐의자 조국씨가 앞으로 수사받을때 부산지검 특수부는 피하고 싶으신거겠지... ㅉㅉ",5,0,1,84.23,5,5
769,반일한다면서 이건또 일본따라가냐?ㅋㅋㅋ,1,0,1,84.15,1,1
776,현재 장관들 싹다 사형좀,3,0,1,83.89,3,3
533,크크크큭. 좌빨수레기들 대단하다,0,1,1,82.82,-1,1
890,특수부를 대폭 증가해서 비리가 발생하지 않도록 해야지...비리가 많은 놈들 본인이 방패막이로 축소하는 것이 정당하냐~~~!!!!,6,1,1,82.7,5,7
623,전국광역시에 특수부 다설치해라,1,0,1,82.41,1,1
451,니들은 스스로 하는일이 없지 남이한거 스리슬적 지들이한것처럼  쑈나하고있네 진짜 답이없는 또라이집단들이다,0,0,1,82.24,0,0
580,"훙날 법무부장관 짧은 임기동안의 업적을 남기고 싶어서 이러는가? 일개 회사 부서 편성도 날치기로 처리하지 않는데, 한 나라의 검찰 개편을 여러 분야의 전문가와 현장의 목소리를 들어보고 심사숙고하는 과정을 나라의 주인인 국민에게 공개하고, 국민의 소리도 들어가며 신중한 개편을 해야지 않나요? 개편을 반대하는것도 아니고 조국이 아니라 다른 누군가가 이렇게 한다해도 전 지지하지 않아요. 신중한 접근과 충분히 숙고절차가 필요한 일입니다. 영향이 매우 큰 사안이잖아요.",0,0,1,81.73,0,0
28,"국보법, 특수부....생각해봐. 일반 국민. 시민들이 저 법에 저촉될 일이 없어. 왜이래 알면서....추해.",4,0,1,81.72,4,4
685,조국만이 할 수 있는 게 이런 것인가.,1,0,1,81.34,1,1
664,누가 누구를 웃기는세상이다,1,0,1,81.27,1,1
918,이넘 얼굴봐라 요즘잘쳐먹고있네 피부좋은거봐  사기쳐서 돈많이챙기니좋냐,0,0,1,80.92,0,0
854,부끄러움을 모르니 참 세상 살기 좋다.,1,0,1,80.28,1,1
702,다들 이민 가려 한단다. 우리나라 꼴이 이렇게 된 이유를 정치권이 정녕 모른단 말인가? 문재인 대통령은 왜 국민들이 이나라 이조국에 정이 떨어 졌는지 모른단 말인가? ~~~ 그냥 조용히 떠나자~~~*,2,0,1,79.95,2,2
613,너나 잘해라좃국아?,3,1,1,79.71,2,4
71,총선만 끝나면 바로 문재인 탄핵이다...국민들 어금니가 남아나질 않는다 진짜 뒤질줄알아라,4,4,1,79.69,0,8
389,부산은요????,0,0,1,79.63,0,0
590,법조개가 가장 법을 개무시한다던 그 법조 개같은 생기들!,0,0,1,79.6,0,0
83,대구보단 부산아니냐? ㅋ ㅋ,0,2,1,79.3,-2,2
328,부산아닌데웅동이면창원인데,0,0,1,79.13,0,0
760,"자기 가족 비리가 털릴까봐 그러지ㅋㅋㅋㅋ 인구상으로도 부산, 인천이 대구,광주보다 더 많은데 특수부가 없는 것을 보면...빼박아니냐?ㅋㅋㅋㅋㅋㅋ",3,0,1,79.07,3,3
224,사퇴하고 가족과 함께 깜빵갑시다.,5,0,1,78.76,5,5
863,인구순아닌가 ~~개혁이란  뜻이  먼데  니들바람맞이냐  웃기는것들이네  ~,0,0,1,78.76,0,0
199,"문재인은 전~국민에게  사과해라  당신이  국민들을  개,돼지  취급하나?  지금 당장 하야하라",3,0,1,78.54,3,3
156,고검도 부산이 대구보다 나중에 생겼고 대구가행정 교육면에서 영남지역 중심인 전통이 있다. 물론 부산은 훨씬 큰 대도시로서 중요기능이 있고.,2,0,1,78.21,2,2
349,조국 사퇴한다는데,1,1,1,78.03,0,2
109,"서울·광주·대구만 특수부 남긴다.■ 부산, 인천, 춘천 ~~에도 있아야지^??? 여기는 특수없을 정도로 깨끗한가?",1,0,1,77.82,1,1
330,부산 시민은 개호구라 조국이 총선에 나와 당선도 되고 대통령이 될 마중물이라 생각하나봐.,3,1,1,77.74,2,4
938,부산보다 대구가 정치적 위상이 높자나요,0,0,1,77.26,0,0
843,조국이가 부산에 또 뭐 꿍쳐둔거 아니냐 ㅋㅋㅋ케,0,0,1,77.21,0,0
366,자기기 나중에 그리될수 있거든 참 나쁜사람,1,0,1,77.18,1,1
205,부산이 왜 없냐? 인구만해도 2윈데 비리도 엄청 많지 않겠냐?,1,0,1,76.91,1,1
36,부산 중요한데  수사 할거 넘치고 넘쳤는데,3,1,1,76.66,2,4
759,제2도시를 제외한다?검찰개악이네,3,0,1,76.3,3,3
562,조국 대 교활이의 대권접전은 이제 시작되었다...죽느냐 사는냐만 남았다..한놈은 죽고..한놈은 살겠지...?,0,0,1,76.24,0,0
381,검찰개혁!! 조국수호!!,0,2,1,75.56,-2,2
852,상상력도 풍부해요. 별걸다 거구 넘어지네,0,0,1,75.55,0,0
798,앉아 있는 자세가 오만불손  요즘 표정도  보니  철판이 더 두꺼워 졌더라구요,3,0,1,74.93,3,3
325,정치시계는 거꾸로 돌아가고 있다ㆍ촛불의 바람은 이런게 아니다,1,0,1,74.87,1,1
850,젓국아 너에대한개혁은 어떻게되냐~~뻔뻔한사회주의자 새끼야,0,0,1,74.84,0,0
674,부산 경남 울산은 인구가 850만이다. 이 견자야!광주관활은 제주포함 600만 대구는 520만 부산은 니 가족 수사 못하게 뺏냐? 이 쓰ㅂ늠아!,2,0,1,74.5,2,2
579,졸속 개혁으로 또  누더기 돼겠다,0,0,1,74.32,0,0
827,오거돈 유재수 조국 조권본향필드,0,0,1,74.11,0,0
731,조국 이시끼는 하는짓 마다 미눈짓하네.지 유리한 짓만 하네. 조국이 하는 검찰개혁은 온전 후루꾸여.,0,0,1,73.81,0,0
497,뭐가 그리 급한지? 조국이 법무부장관 되었다고 법치를 다 아는게 아닌데ㅡㅡ 부산은 문재인과 너님의 고향이라서 뺌?,1,0,1,73.6,1,1
143,전부 없애지 왜 3개나 남김. 1개만 있어도 다른나라 검찰보다 더 강력함.,1,0,1,73.51,1,1
410,기사 제목 보면 특수부 남긴게 조국이 한것이라고 하것다.ㅋㅋㅋ검찰이 한걸 왜 조국한테 넘겨ㅋㅋ,2,0,1,73.45,2,2
114,"서울 대구, 광주, 대전 찍고 터닝~ 검찰개혁 어디 있나, 법무부 있나, 청와대 있나, 광장에 있나~~",0,0,1,73.4,0,0
949,부산이 대구보다 작냐 좃국이 저놈 부산에서 안잡힐려고 발악을 하네,3,0,1,72.9,3,3
902,눈가리고 아웅하는 꼴 아니냐  진짜  패망으로 가는길도  풍년일세,0,0,1,72.87,0,0
511,부산은 왜 빼는지 알고 계신부운~~~,0,0,1,72.77,0,0
885,앗~ 죄중동의 매국기레기~~~~~~~~~~,2,2,1,72.28,0,4
687,"부산이 대구보다 인구가 많고,울산,경남을 합하면 대구,경북보다 300만명이 많은데 부산을 빼버리면 너맘대로 개혁하나.부산을 넣으야지요.뭐 뭍은 개가 뭐를 할려고 하네.",2,0,1,72.16,2,2
236,조국.이중인격자기 법무부장관,2,0,1,71.81,2,2
505,이게 무슨 개혁인가 ?  개혁이 필요한건 검찰이 아니라 경찰이다.  조국 네가 물너나는게 개혁이다. 부패하고 썩은 냄새가 진동한다.,0,1,1,71.42,-1,1
14,왜겠냐 부산에 캥기는게 젤많지않겠냐? 고향인데,6,1,1,70.68,5,7
617,조국이가 지시하는건 거부해라 조국은 권한이없다 범법자라서,1,0,1,70.41,1,1
64,또  국민을  개  돼지  붕어 가재  미꾸라지로  아네.  계숙  그렇게  혀라. 내년에  보자구,1,0,1,69.74,1,1
376,개혁대상이 개혁을 외칠 자격이 있나? 소가 웃을 일이다. 후안무치의 극치^^,1,0,1,69.58,1,1
943,문재인정부 진짜 독재정부네..이게 정상적인 나라냐??아직도 저런걸 지지한다는 사람들은 인간이길 포기한거다..국민들 다 죽기전에 당장 문재인정부 퇴진시켜야한다!!!,98,38,1,69.38,60,136
896,솔직히 일반시민이 특수부 조사받을일도 없는데 이게 무슨개혁임? 잘나고 높으신분들만 더신나는거 아닌가 특히 부산쪽은 대구보다 10배가 높은 사건들이있다구 하는데 그쪽은 왜없앤거지?,3,0,1,69.32,3,3
585,전국 광역시는 모두 다 빼야지,0,0,1,68.99,0,0
965,조국이 지금 발악하는 이유는 이 나라를 공산주의로 만들려고 하는 것을 왜 모르나요?? 조국의 모든 지지자들은 공산주의를 원하나보죠? 빨리 끌어내려서 구속시키고 주사파들은 다 북한으로 보내야합니다,6,1,1,68.89,5,7
359,별걸 다 트집잡는 조중동...트집잡기 위한 트집임을 인정합니다,2,0,1,68.54,2,2
698,진정 조국(?)을 위해...위선덩어리 조국은  빨리 내려오기를...,4,0,1,68.2,4,4
870,검찰의 나팔 기레기다운 좆중동이네요 ㅋㅋ,0,3,1,68.09,-3,3
271,좃이나 조꾸기 건빵이다 엿 처먹어라,0,2,1,67.99,-2,2
679,잘한다,0,2,1,67.95,-2,2
758,박태인 기자,0,0,1,67.78,0,0
377,담정부때조구기전담특수부다시만들어서반드시깜빵보내자!,1,0,1,67.38,1,1
124,내년 총선에 부산 출마하세요90프로차 당선하게 됩니다,0,1,1,67.21,-1,1
528,"뮈로보나 대한민국의 제2의도시는 부산 아닌가? 종북좌파들이 좋아하는 공정, 형평, 균형 차원에서도 부산이 빠지면 말이 안된다. 적폐를 쌓기위한 검찰개혁인가?  국정을 농단하는 문재앙, 조국 족속들 탄핵이 될 수 밖에 없네...",1,0,1,67.08,1,1
872,조국은 미쳤다  검찰개혁  원점으로,1,1,1,66.91,0,2
915,살다 살다 저런 놈은 첨본다,9,1,1,66.88,8,10
799,문죄인 탄핵. 젓국  구속,3,0,1,66.66,3,3
816,조.문 수사할 특별수사부는 신설해주는 건가요,0,0,1,66.47,0,0
229,이 시끼 고향이 전라도지 부산에  저런 더러 번  시끼는 없어 브러,0,3,1,66.45,-3,3
647,조국을 구속시키고 사법개혁을 하면 모양새가 좋은데,3,0,1,66.07,3,3
190,민주당 저 거악새끼들은 누가 처리하냐? 저다 구속될 새끼들만 있는데 이게 나라를 위한 법 개정이냐? 범죄자 법무장관놈의 급조 개정이니 나가라시켜라 무효다,1,0,1,65.23,1,1
801,정적을 다 처치 했으니 토사구팽 당한거지 특수부는 좌빨이 더 확대하여 운영 해놓고ㅋ쇼로 국민을 개.돼지보고 ‥시플럴,0,0,1,65.06,0,0
446,검찰에 발도 안담궈본게 검찰을 개혁한다고? 지나가는 어린이집원생이 웃겠다,3,0,1,64.76,3,3
547,피의자가 검찰개혁... 한다고 웃기는 세상...  도둑이 경찰개혁하고  성범죄자가 여가부 개혁하는 꼴~~앞으로 이완용 같은 인간이 대통령하겠다고 하것네~~,1,1,1,64.73,0,2
691,대한민국 역사 이례로 지금보다 더 부끄러운 시대 없었을 것. 국민인게 한 없이 부끄럽다.,2,0,1,64.71,2,2
518,ㅋㅋㅋㅋㅋㅋㅋㅋㅋㅋㅋㅋㅋㅋ 언론개혁이 절신한 이유를 타이틀로 보여줌 ㅋㅋㅋㅋㅋㅋㅋㅋㅋ 검찰 다음은 너희다.. 각오 단단히 해라 ㅋㅋㅋㅋㅋㅋㅋ,0,1,1,63.48,-1,1
157,최순실= 공항장애    조국= 법부무,0,1,1,63.22,-1,1
175,나중에 적폐 특수부로 부활하면 되요. 그래서 태양광 수사 하면 돼요,8,1,1,63.13,7,9
110,비트코인 가즈아!,0,0,1,63.02,0,0
841,국가를 지맘데로,1,0,1,62.9,1,1
400,조국스럽구나나라에  망조가 들었다이기야,0,0,1,62.87,0,0
55,부산지고 대구뜨나?,0,0,1,62.86,0,0
713,검찰개혁 하기전에  니 집구석이나 단속해라. 인면수심의  가족,3,0,1,62.76,3,3
409,왜긴...윤씨가 방안을 내놓은거 조국 장관이 수용한거지~~  제목 뽑는 수준...,0,1,1,62.45,-1,1
471,윤썩짓이란다.,0,0,1,62.28,0,0
556,이번에 확실히 구속과 탄핵으로... 저 인민재판으로 안될 시 반드시 다음정권에서는 국가 헌법 문란과 법치주의와 자유민주주의를 붕괴하는 조선인민공화국 추종자와 후예들을 국가반란죄로 모조리 구속하고 본국인 북한 조선인민공화국으로 영구 강제추방 강제소환해야한다  자유 대한민국의 헌법정신과 자유민주주의는 그 어떤 경우에라도 지켜야된다 이게 우리 자유 대한민국의 염원이고 대한민국을 지키는 유일한 길이다 조선인민공화국 국제적인살인마이자 인민인권유린자 개 돼지만도 못한 김정은 추종세력과 인민들은 모두 추방해야한다 자유 대한민국만세 인민공화국NO,3,0,1,62.04,3,3
564,부산은 2등 대도시가  아닌가 보네~ 뭐 저런 위조범죄피의자를 장관에 굳혀서 국민들을 독재에 체념하게 만드는 정권이 다 있네,4,1,1,61.98,3,5
905,꼴깝하고 있네 좃국아 니가 무슨 일을 한다고 ㅉㅉ,0,0,1,61.77,0,0
4,제목하곤.  야. 니들이정말 국민을 중심에 두고있다면검찰결단을 중시한 제목을 뽑아야지. 요녀석들 정말.,1,0,1,61.75,1,1
892,조국아 너부터 수사받아야지?,3,0,1,61.27,3,3
39,대구도빼라,0,0,1,61.12,0,0
338,적정한토의와협의가없었다고~ 개혁당사자들이 응하지않았을뿐  토의와협의는2년이  넘었다.,0,0,1,60.78,0,0
475,민변 조사단 국민투표로 뽑아라,0,0,1,60.67,0,0
663,와 자기에게 유리하게 나라를 아작내는구나,2,0,1,60.41,2,2
614,3권분립하는 의미가 있냐?,0,0,1,60.0,0,0
529,사는 곳이 서울인데 무슨 부산타령인지. 그럼 자유한국당과 김무성이가 좋아하겠다.,0,0,1,59.41,0,0
72,현 정권과 끝까지 함께합니다!!!!,0,7,1,59.26,-7,7
869,"부산대의전원, 신라젠(유시민관련), 유재수 부산경제부시장(조국민정수석 시 비위무마), 오거돈 등 이 정권의 비도덕성의 핵심이 부산이다. 점점 수사망이 좁혀오니 무리해서라도 덮으려는 의도이다. 국민들은 눈 똑똑히 뜨고 지켜봐야한다.",1,0,1,58.99,1,1
738,범죄 협의자가  법을 검찰을 개혁한다고 ᆢ소대가리도 웃을일 ᆢ,3,0,1,58.65,3,3
130,이나라제2의도시인데 문재인집잇꼬 [양산] 조국이 고향이고 입방아 오르내리는 오거돈이시장이고 먼가 이상하질안나,3,0,1,58.61,3,3
244,제목 클라스 보소 ㅋㅋㅋㅋㅋㅋ,1,0,1,58.49,1,1
102,중앙일봌ㅋㅋㅋㅋㅋㅋㅋㅋ 이름만 들어도 웃김,3,1,1,58.48,2,4
493,담정권서 모두 원위치~~~,1,0,1,58.45,1,1
311,이 새끼가 구속되는게 검찰개혁아닌가요?,2,0,1,58.06,2,2
898,헐 중앙일보였네,2,0,1,58.03,2,2
479,언제부터 부산이 대구보다 밑이었나?국민들이 그렇게 만만하냐?,2,0,1,58.0,2,2
172,부산은 전라남도로 포함시켜라. 문재인을 배출한 동네다,3,0,1,57.99,3,3
372,부산에서 나온 수치 조씨. 네가 있어야 할곳은 감옥. 가자,0,0,1,57.91,0,0
875,ㅎㅎ~ GR을혀요..,0,0,1,57.88,0,0
139,기례기!!,0,0,1,57.49,0,0
295,너만 잘하면 됨!,3,0,1,56.86,3,3
353,여윽시 종양일보 제목보소ㅎㅎㅎㅎㅎ 투명하져?,1,0,1,55.95,1,1
964,고담 대구?,0,0,1,55.94,0,0
32,특수부 해체가 개혁이라고 지랄,5,0,1,55.54,5,5
544,아직도 중앙일보 보는 사람들이 있네요.,0,3,1,55.18,-3,3
633,토쏠리는 조국.. 제 2의 대도시 부산 특수부 폐지 ㅋㅋㅋㅋㅋㅋㅋㅋㅋ 미찬놈,2,1,1,54.72,1,3
82,니 처는 아프니. 니가 감옥가자!! 경제공동체!,1,0,1,54.46,1,1
956,"문재인이 무력화시킨 정부조직중 유일하게 살아남아 기능하는 검찰조직이 무너지면,낮은단계의 연방제로 가는 패스트트랙을 타게 됩니다.진짜 죽창들고 저항해야하는 날이 오게됩니다.",1,0,1,54.31,1,1
553,조국쉐히는 소련시절의 스탈린 독재자의 냄새가난다. 그는 분명히 대한민국의 적이다.,2,0,1,53.88,2,2
427,정신사나우니까 빨리 해치울거 해치우고 조국장관도 거취결정하시길. 나라가 너무 시끄럽다. 금년안에 법제정과 영제정 마치고 사퇴하시길. 법원판결은 어차피 멀었으니까. 그기간동안 염원했던 검찰개혁을 꼭이루시길. 사퇴하면 저놈의 망국당 건수없어서 어찌할고?,0,0,1,53.6,0,0
369,적폐수사한다며 지들이 특수부 비대화시켜 놓고 지들 수사한다고 하니 특수부 폐지! 누굴 위한 검철개혁이냐!!,0,0,1,53.34,0,0
785,ㅋㅋ,0,0,1,53.32,0,0
805,종양일보 ㅋㅋ,1,3,1,53.32,-2,4
62,검찰은 국민도 이길수 없네ㅋㅋ,0,0,1,53.08,0,0
307,제목 뽑은 것 좀 봐 ㅋㅋㅋㅋㅌㅌㅌㅌ역시 중앙ㅋㅋㅋㅋㅋㅋ받아쓰기만 하고 ㅋㅋㅋㅋㅋ어떻게 기자가 됐을까 ㅋㅋㅋㅋㅋㅋㅋ,0,2,1,53.08,-2,2
272,이따가 2시에 좃국 사퇴 기좌회견 한다고 엠바고 카톡으로 돌더라 ㅋㅋㅋㅋㅋ 과연,0,0,1,53.02,0,0
887,"국민이 볼때는 별로 새로울 것도 없고, 급할 것도 없고, 대국민 쇼에 불과하다, 오직 조국 지키기에 국민이라는 이름을 팔고 있을 뿐이다, 무능하고 교활한 정부, 여당아 국민을 속일수 있다고 보느냐?",60,12,1,52.75,48,72
227,조국이 법무장관 되니 쫄은 애들은 다 사기꾼들.... ㅎㅎㅎ,5,2,1,52.61,3,7
183,다음대선 윤석열 vs 조국 붙자 빤스런하지 말고 한판 붙자,0,0,1,52.32,0,0
764,반부패 이름 바꿀때 부끄럽지도 않나 뭉가 좆국아,2,0,1,52.29,2,2
41,중요도가 10배나 높은 부산을 제외한게 합리적이었다??,5,0,1,52.24,5,5
318,이것들 다음정권에서 심판받고 교도소가것지...,2,1,1,52.23,1,3
581,이런걸 개혁이라고 하냐 ! 에라이 자~아ㅂ 놈들,0,0,1,52.2,0,0
587,조국장관이범죄자라는 이유는 ? 죄가 있나요 ? 진짜 궁금.,1,2,1,52.18,-1,3
103,이름만 자꾸 바궈봐라 정권 바궈면 도로 남이다  특수부 부활해서 현정권 심판해야지,5,1,1,52.05,4,6
498,종양 기레기 제목 꼬라지....,0,2,1,51.43,-2,2
668,특수부 없어지면 고위층들만 좋아지는거 아님? 일반 국민들이야 일반 형사부에서 담당하니까!,1,0,1,51.41,1,1
189,조국사퇴! 당장구속수감!,1,0,1,51.27,1,1
802,"오거돈 부산시장, 김경수 경남도지사, 송철호 울산시장.",3,1,1,51.06,2,4
683,진짜 더불당이랑 조국 문재인 하는거 보면 자한당은 너무 순진했다. 자한당 애들은 순수했어,3,0,1,51.05,3,3
847,전두환할배가 절라디언 모조리 없앴어야했다,2,1,1,50.89,1,3
125,조국이 사퇴했으니 검찰개혁 방안은 재 협의해야 한다.,0,0,1,50.86,0,0
132,고생하셨습니다!,2,3,1,50.62,-1,5
839,"이야, 팡주는 또 살아남넼ㅋㅋㅋㅋㅋㅋ징하다 징해",1,0,1,50.31,1,1
0,이해찬 이낙연 이인영 조국 유시민 박원순  림종석문재인더불어공산당들  신라젠 바이오주 비트코인 태양광 4차산업 우리들병원 버닝썬  낱낱이 조사해라  청와대 연루된  수십조 주가조작 사기친죄  철저히  밝혀라  !!!!,0,0,0,50.06,0,0
203,후임장관으로 국정원 고위직 출신이 왔으면 좋겠다.그래야 더 강력하게 추진 된다.검사출신은 절대 안된다.지금 벌려 놓은 거 도루아미타불 된다.,1,5,0,50.1,-4,6
848,ㅇㅇㅊ,0,0,0,50.28,0,0
268,제대로다 이래서 검찰이 조리돌림시켰네,0,0,0,50.43,0,0
967,속보이네ㅜㅜ,3,0,0,50.47,3,3
496,범법자가 검찰개혁  법법자를 잡지못하게 하는개혁 가가웃는다  미*%친것들  지은죄가많으니 살려고 발버둥 난  저 범죄자들  그냥ㅈ둘수없다  태극기들고 광장으로 나가자,2,0,0,50.69,2,2
256,부산은조국하고현부산시장 마음먹은대로하고싶어서즉불법을 교묘하게하고싶은데 검찰 특수부가있으면 가슴이콩만해지잖아,5,0,0,50.91,5,5
258,제목뽑는 꼬라지 진짜 매국노스럽네 근데ㅋㅋㅋ저번엔 영부인이 수해지역 간 거 가지곤 조국 고향방문이네 머네 헤드라인 뽑던 어디랑 역쉬 한 패,1,2,0,51.2,-1,3
336,부산 포함하면 또 포함한다고 징징거릴꺼면서,0,0,0,51.33,0,0
439,꼼수 그만부리고~~~!!  조국 감방 보내자~~!!!,1,0,0,51.94,1,1
91,특수부 폐지 환영,0,1,0,52.03,-1,1
59,도대체 특수부가 왜 필요한데?,0,0,0,52.2,0,0
112,적폐중의 적폐~ 이미 불은 지펴졌다,1,0,0,52.28,1,1
565,서울 경기 인천 시세표 안내 입니다https://band.us/n/a6a224EeC0A5G,0,0,0,52.84,0,0
303,10 월 25일 광화문으로,3,0,0,52.94,3,3
927,부산대의전원이 있어서 부산은 뺐냐?,3,0,0,53.81,3,3
149,제2의도시 부산은 없애고 제6의도시 광주는 남기네 ㅋ 역시 라도,3,1,0,54.05,2,4
282,특수부가 축소되면 일반시민들이 좋아할까 거악 범죄자들이 좋아할까요?  왜 졸속처리를 서두르나요?,1,0,0,54.06,1,1
509,정권 바뀐 이후의 법무부 장관이 다시 예전으로 검찰 바꿔버리면 결국 아무말 하면 안되는거지 뭐 ㅋㅋㅋ 지금 정권에서 장관이 마음대로 바꿔버린거니 그 이후의 장관이 다시 마음대로 바꿀 수 있는 선례를 남긴거다 ㅋㅋㅋ. 결론은 다음 정권을 누가 잡느냐에 따라 이 더러운 정치 게임이 끝나겠네,1,0,0,54.18,1,1
331,오냐   니 ㅈ대로 함 해봐라..반드시 니놈은 쇠고랑 찰거다.,2,1,0,54.88,1,3
261,어짜피평생먹을건해놓고 이민가면 끝인데 뭘 걱정하냐아들도 군대도 빼버릴텐데 그리고 이민가면 끝,0,0,0,55.27,0,0
733,정책은 정부가하고 공무들은 자기일만. 하면된다,0,0,0,55.28,0,0
741,그쪽에 뭐가 있나보지 꿀리는거,2,0,0,55.45,2,2
10,댓글알바들 니들잠깐돈벌자고 올리는글에 대한민국이 버려졋다,0,2,0,55.48,-2,2
807,저건또 무슨기준임?? 왜 광주랑 대구??? 부산빠진건 얼척이없네 ㅋㅋ,2,0,0,55.49,2,2
655,"개나  소나  다  할수  있는것을   정와대가  조국만  할수  있다니   남은것들은  다  등이쉬인 들인가,",0,0,0,55.51,0,0
696,"모든 사람은  법앞에 평등해야 합니다. 특혜는 없어야 합니다. 나와 내 가족만 빼고, 이건가?",1,0,0,55.62,1,1
546,조국이는 필요없었네? 도장을 잘 찍나?,0,0,0,56.38,0,0
675,부라도,0,0,0,56.48,0,0
880,반부패수사부    차려지면   전정권정치인 현정권 정치인   특히 이명박  가족들  철저히 수사해주세요,0,3,0,56.62,-3,3
379,대한민국이  저 인간! 것이냐?  언제까지 이런 불의를 보고만 있을 것인가? 국민들은 ......,1,0,0,56.64,1,1
281,조국 권력 1위가 그이 확실하내 ㅋㅋ  좌파 쫄따구들 찍소리못하고  조국 구두딱고 있내 ㅋㅋ  더불어구두딱~~~으당,1,1,0,56.93,0,2
652,집회 참석합시다 19일 광화문 으로,2,0,0,57.3,2,2
93,너희는 권력있을때 근거갖고 일했냐>???? 아비한,2,0,0,57.49,2,2
814,한국은 전라도 민좆당때문에 다 망하는듯,5,2,0,57.83,3,7
344,검찰개혁 검찰개혁!!!!그리고 조국장관아님 안된다 그런데 이미 윤석렬총장이 낸 개혁안이구만 그걸 수용한거임,2,0,0,57.9,2,2
179,상위 1%만의 위한 검찰개혁... 서민들은 평생 검찰청이라는곳에 가볼일없고 경찰서나 지구대에도 들락거릴일도 없다... 누구를 위한 개혁인가~!!! 다 너희들 잘먹고 잘살고 서민들 등쳐먹는 위인들만의 개혁인가~ 만약에 너희들끼리 해쳐먹다가 누가 잘난네하면서 죽이니살리니하는게 반부페개혁안 아닌가~??? 제발 정신차리자... 겨우 한다는 검찰 개혁이 이런거라면 꼭 조국이여야했냐고~??? 오히려 윤석렬총장이 하는게 바람직했다~ 가족사기단 의혹에 이딴식의 개혁이라니...누가 납득하겠나...,16,2,0,58.03,14,18
402,대검에서 대구로 정한 걸 수용했는데 또 이상한 프레임 짜고 뭣도 모르고 일단 광광대고 보는 일베충들 ㅋㅋㅋ,0,0,0,58.38,0,0
158,조국보다 더미운분들 패널들유시민 또어텋게 변명할까??,1,0,0,58.77,1,1
289,이 무슨 의미가 있냐? 부끄러워 고개를 못들겠는데.,0,0,0,59.26,0,0
260,윤석렬 제안한거 법무부에서 받은거라잖아!!! 기사 좀 봐라!!!,1,2,0,59.38,-1,3
772,부산털면 좆국이 문가 모두 무사하지 못하니 부산 특수부 없애는거지.. 미친 ㅅㅂ 좆국 감빵 빨리보내라!!,2,0,0,59.39,2,2
84,부산을 없애야 문 조가 빨리 안 잡혀갈수 있잖아요?,1,0,0,59.45,1,1
477,사회주의자가 민주주의 국가서 뭐하는 짓,0,0,0,59.49,0,0
783,살아날려구  고생하네~ㅉㅉㅉ나같으면  야인으로돌아가  학자의길을 가겠다,0,0,0,59.61,0,0
85,급하게 한개혁 무효다.,5,0,0,59.76,5,5
524,당연하지. 죄인이랑 젖국이 주소지 퇴임후 고발장 넘치니까,1,0,0,60.2,1,1
176,"기사 좀 읽자. 윤석열이 제안하고, 조국이 수락했다고 한다.",2,0,0,60.27,2,2
948,이#새#끼#들 *  지들  안잡혀갈려고  말도 안되는짓걸  하고있네,3,0,0,60.3,3,3
69,사시노패스의 사법개혁인가? 든든합니다^0^,0,0,0,60.41,0,0
811,부산은 반반이니. 대구를 집중한다는거네.,1,0,0,60.46,1,1
555,뭘하던 젓국이 넌 구속~,1,0,0,60.55,1,1
832,기사 제목 조ㅅ 같구만.  참 기러기 다운 제목이다.,0,0,0,60.6,0,0
274,식구들이 부산에 살고 있으니 부산빼고 싶었겠지 호로 좃국,0,0,0,60.81,0,0
320,그냥 봐도 특수수사 수요가 부산이 많을거 같은데 수상하다.. 다분히 정치적이고 졸속이다.,1,0,0,61.0,1,1
629,"이  00같은 나라다.대통령은 머하는 사람인가? 범죄자가 국정을 좌지 우지 다하네,  속되게 말하면 문통은 0도 아니네.조또가 대통령 인가? 민주당 국회 의원들 조또 따라 대로 몰려 움직이는 사진 모습,  민주당 한심 하기 짝이 없다,",3,1,0,61.01,2,4
740,누구를 위한 무엇을 위한 검찰개혁인가?국민들은 검찰개혁 필요없다.보수정권으로 바뀌면 현정권이 해놓은 것들을 모두 원상복귀시켜야 한다.,1,0,0,61.14,1,1
422,이노무 자슥아 니가 인간이가,0,0,0,61.47,0,0
941,미친,1,0,0,61.66,1,1
326,제목뽑는 꼬라지 봐,0,1,0,61.78,-1,1
474,김오수랑 이성윤은 직무유기로 검찰조사 받아야 할 대상 아닌가? 검찰에 전화로 압력행사 했잖아,1,0,0,61.99,1,1
765,서울대전 부산해라,0,0,0,62.12,0,0
382,고향이 왜 나와? 중앙기레기야!!!,0,0,0,62.15,0,0
812,과거 고등법원 있던 3도시에만 남겼네,1,0,0,62.41,1,1
215,부산이 핵심이던데 빠졌네,3,0,0,62.89,3,3
245,"작성은 조국 사무실, 기획은 조국, 결재는 문! 안봐도 뻔하다",2,0,0,63.01,2,2
70,나중에라도 조국 범죄가 입증되면 이안은 무효화시켜야지. 범죄자의 검찰개혁이 말이 되나?,2,1,0,63.15,1,3
118,긴 싸움이엿다. 잘 가라 조국아. 니덕에 문정권 끝낼날이 얼마남지 않았다.,15,3,0,63.22,12,18
640,이시키 부산출마 의식하는거겠지 어림반푼어치도 없다  부산특수부검찰 있으면  또 사기치는데 걸림돌되니 어쩔수가없지,0,0,0,63.31,0,0
952,졸속 개혁  반대.  검찰 개혁 반댜. 사법부 부터..조국부터~,1,0,0,63.46,1,1
79,고향이라고 남기냐 ㅋㅋ,0,0,0,63.49,0,0
903,정신질환자  새끼 ..병원입원  준비다됐다는데  들어오기만  하면 된다..,0,0,0,63.84,0,0
210,ㅋㅋㅋ안녕빠이 ㅋㅋ,0,0,0,64.42,0,0
163,뮈카 졸속인데 ?  그동안 니들은 아것도 안하고 기득권을 누리고 니들끼리 상부상조 하여 살앗지,3,1,0,64.56,2,4
531,공산주의로 가는길을 가고있네,1,0,0,64.7,1,1
727,나부산 사람인데오해받기싫다부산도 빼라,0,0,0,64.87,0,0
294,부산은 왜빼지?,1,0,0,65.42,1,1
185,사람 얼굴이 순식간에 저렇게 안좋아 질 수 있구나 여기가 끝은 아닐거다,0,0,0,65.96,0,0
660,상식이 안통하는 청와대..  일반 서민은 이해 안됨...,0,0,0,65.98,0,0
299,사퇴를 염두해놓고  한건 하고 가려는군아.,2,0,0,66.87,2,2
423,부산은 또 왜뺐니? 의심스러워,0,0,0,67.06,0,0
457,기사 보니까 조국이 제안한게 아니고 윤석열이 제안했고 그걸 수렴한 것 뿐인데?? 근데 왜 댓글들 고향이니까 뺐다고 하냐 윤석열 고향 부산임?,0,1,0,67.12,-1,1
308,기레기 생퀴들. 니들 기자 정신은 있긴 하냐?,1,1,0,67.25,0,2
789,조국이 파면 및 구속 안시키면 이나라는 더이상 민주국가도 나라도 아니다.,6,1,0,67.29,5,7
793,부산을 쏙 뺀것만 봐도 지들 유리한대로 제멋대로 정한것이네. 직무정지 속히 하라.,2,0,0,67.34,2,2
7,졸속처리! 딱입니다요!,1,0,0,67.4,1,1
24,이니 여니 차니 구기 싹다잡아처넣어주세요,0,1,0,67.4,-1,1
886,대구오기만해라 죽여버린다,1,1,0,68.01,0,2
714,...,0,0,0,68.13,0,0
851,악귀를 보는것 같다,3,0,0,68.25,3,3
804,옷벗고 수사 제대로 받으시길,4,0,0,68.37,4,4
361,정권입맛에 맞는 검찰개혁이 니들이 주장하는 개혁이냐,2,0,0,68.47,2,2
972,비리혐의자가 하는건 다 무효,4,2,0,68.58,2,6
502,인구로보면 부산에는 있어야하지않나,0,0,0,69.32,0,0
407,당정청 모두 같은 이해관계에 있는 사람들만 모여 논의를 하니 객관적이고 형있는 결과가 나올리 없겠네요......,0,0,0,69.35,0,0
374,"맨밑에 조국이 저 사진 봐라! 저게 미~~~~친넘이지, 사람이냐?",0,0,0,69.61,0,0
106,부산 제주 포함시켜야지.,1,0,0,69.72,1,1
704,살인  혐의를 받는  조폭  두목이  자수하겠다면서  내건 조건이 광주에서  조사받도록 해달라는  것이었단다 ㅎㅎ,0,0,0,70.42,0,0
323,ㅋㅋㅋㅋㅋㅋ중앙일보 수준이 이렇습니다,2,2,0,70.44,0,4
693,조국이 뭐라고?님집안이나  개혁하세요,2,0,0,70.71,2,2
671,조국 >>  우병우,1,0,0,70.71,1,1
453,조국 견자놈아 꼴값 떨지 말고 처맞기전에 꺼져라,1,0,0,70.75,1,1
465,솔직히 이번 졸속처리는 진짜 ㅋㅋㅋㅋ 그냥 반박불가다. 그만큼 자기네들 입장에서 급하니까 이렇게 빨리 처리하는거지 ㅋㅋㅋ 뒤가 켕기는게 있다는 걸 은연중에 드러내고 있는 모습 아니겠냐.,1,0,0,70.86,1,1
387,윤짜장이가 말한거 수용한거야 알바뜰탁아~,1,1,0,70.98,0,2
99,중앙 기레기님 아니신가,6,1,0,71.18,5,7
119,부산은 5억원이 있어서 일부러 뺐습니다...,0,0,0,71.46,0,0
522,부산  빨갱이 세.기들...그렇게  쪽발이가 좋나...ㅋㅋ,0,1,0,71.52,-1,1
218,사퇴 전 딜한거네.,0,0,0,71.53,0,0
263,범죄자가  법무부 장관 자리에  않히는   문재인이야말   얼마나  숨길게  많아서  저쓰레기를   감싸고  옹호 할지... !!!!!!!!!!,2,1,0,71.54,1,3
441,완전 조국이 댜통령이고 하느님이네이게 나라냐 욕나온다 내가 문재인찍은게 한이다,4,0,0,71.54,4,4
167,기레기야 방사능  처먹어볼래?,1,0,0,71.79,1,1
650,전라도  지들이  나라 망치고 다 해쳐먹고 있음  보고도 모르냐 ?  그러고도  왜 지역감정 부추끼냐고 ?  95 % 민주당 몰표가 전라임   그런말 나오냐,0,0,0,71.83,0,0
466,검찰개혁 지지합니다,1,0,0,72.17,1,1
29,ㅋㅋ 사건 이첩해. 그럼 되거든,0,0,0,72.2,0,0
751,부산 넣으면 그대들이 조용히 있지않지. 안넣어도 난리냐?트집잡으려 별거 다 시비건다,0,0,0,72.25,0,0
455,어? 그러게ㅋㅋㅋㅋㅋㅋㅋ 부산이 왜 빠졌지ㅋㅋㅋㅋㅋㅋㅋ 이러니까 pk도 민주당 부산출신 대선후보 뽑아주는구나......,1,0,0,72.32,1,1
225,오늘  알았네요중앙일보 사장이 홍석현 아들 이라고..홍석현은 손석희랑 음모 꾸며 박근혜 대통령 탄핵시키고 빨ㄱㅐㅇ이 뽑아 나라 어지럽게 한자들이라 하더군요이젠 중앙일보 구독!!안합니다.!,1,1,0,72.67,0,2
283,제발 조국이좀 구속해라 이게 나라냐?,1,1,0,72.78,0,2
859,이걸 조국 욕하는건 좀 아니지.. 대검이 대구남기자고 했다잖아. 대검이 뭔 자신감이 있어서 그런건지는 모르겠지만.,0,0,0,72.93,0,0
835,특수부 있으나없으나 내같은 서민들은 아무상관없고 폐지한다해서 나아질것도 없고 평생살면서 검사만날일도없고 검찰에 갈있도 없더라~상류고위층권력층에나 해당되지싶고 서민입장에서는 오히려 권력형비리나 거대집단들 부폐수사를 더강화 하는게  맞지싶다,0,0,0,72.99,0,0
60,"광주 대구, 좌우파의 성지를 남겨뒀네.",0,1,0,73.11,-1,1
449,왜 이런자 범죄자 아래서 살아야하지?,2,0,0,73.31,2,2
786,문제.수사못하게.덮어버리는게.개혁??,3,0,0,73.4,3,3
267,역시 범죄자 고향은 부패해야 제맛이지ㅋㅋ,0,0,0,73.51,0,0
322,조국보기 싫어 이민가고싶다,1,2,0,73.8,-1,3
200,부산이 왜 빠져는지 명확하게 이유를 밝혀라.이해 안간다.,0,0,0,74.22,0,0
2,부산과 인천을 통해서 들어오는 무엇을 가릴려고? 대체 광주와 대구에 뭐하러 남기는데? 제2의 수도인 부산을 없애는건 너무 속보인다.,0,0,0,74.27,0,0
566,기사 제목하고는 ㅋㅋㅋ 중앙일보 수준이 보입니다.,835,135,0,74.31,700,970
550,ㅋㅋㅋㅋㅋ 검찰 개혁은 무슨 ㅋㅋㅋ 결국 검찰도 친문이랑 자기 세력으로 채우기 ㅋㅋㅋㅋㅋ 인맥 정치의 끝 ㅋㅋㅋㅋㅋ,3,0,0,74.34,3,3
634,법조부는 뭘해도 자기들 특권과 관련있으니 반발하겠지,0,0,0,74.92,0,0
435,검찰의 나팔수  쭝앙이구나 ㅡ,0,0,0,75.29,0,0
806,부산 고위직과 유지들은 수사 봐주겠다.....,2,0,0,75.55,2,2
201,부산에 뭐가 있거덩~,1,0,0,75.62,1,1
969,왜 아직도 젓국이 발표하지 !,3,1,0,76.16,2,4
688,뭔가 서둘러 대충대충하는 느낌 나중에 개피보게생겼다,2,0,0,76.24,2,2
392,뭐 저따위인간이 나라를 좌지우지하냐?,1,0,0,76.31,1,1
864,법무부부터 개혁해라  권력이 너무   거악스럽다,1,0,0,76.31,1,1
539,그러게 왜 광주는 놔두고 부산은 없앴냐? 서울 대전 부산 이렇게 하자,0,0,0,76.34,0,0
551,부산이 비리의 온상지 인데 왜 특수부를 폐지~~  ??   ㅋㅋㅋㅋㅋㅋㅋㅋ      부산에  암안리에 벌려놓은 비밀사업이  많이 있나보네~~~  ㅋㅋㅋㅋㅋㅋㅋㅋ,3,0,0,76.34,3,3
5,미친 기레기기사,1,0,0,76.36,1,1
611,납득이 안되는 부산 특수부폐지.누구를 위한 폐지인가?조국가족?아님 여당인사? 또 아니면 양산이 집인 문재인?정권후를 대비한 포석인가?이게 검찰개혁이라고?정말 웃기는 정부에 조국이다.,3,1,0,76.59,2,4
817,조국새기 지 꼴리는대로 만드는군. 이새기들 빨리 끌어내야 하는데.,4,0,0,76.65,4,4
589,미칀 부산을 왜 뺴?,1,0,0,76.68,1,1
463,윤석열이 제안할 땐 좋다고 킬킬대던 똥개들이 ㅉㅉ,0,0,0,76.76,0,0
38,부산 왜 빼?  왜?  뭐가 있지? 부산  짱깨도 많고 밀수도 많은데 왜? ㅋㅋ,2,0,0,76.98,2,2
350,조국이는 그냥 개잡범으로 처리하자는 거지,0,0,0,77.18,0,0
429,니들이ㅜ좋아하는 석렬이가 제안한거라는데?? 진짜 언론개혁이 시급하다 ㅡㅡ,0,0,0,77.35,0,0
716,이넘  한개그 하네,0,0,0,77.35,0,0
846,이런식으로 거래하는거면..윤이고 조고 진짜...,0,0,0,77.4,0,0
365,악마의 개혁이 시작된건가요 ? 개혁은 국민과 국가를 위해서 해야되는데 정권을 위해서 하는것이라면 반대한다.,5,0,0,77.61,5,5
395,중앙아 빨리 투자이민이나 가버려 왜케 질척대 빨리 이민가라거,0,0,0,77.62,0,0
963,이양반들.아직 죄가 있는지 없는지도 모르는데 너무 앞서가시네.,0,2,0,77.69,-2,2
545,진짜 나라가 거꾸로 돌아가는 어메이징 헬조선,1,0,0,77.77,1,1
246,특수부가 없어야 문제인 정권 끝나면 조사가 안들어오거든....,3,0,0,77.84,3,3
454,너 떄문이지...ㅋ,0,0,0,77.87,0,0
45,니들... 참 안변한다...좀 바꿔보자. 변화를 위한 변화라도 해야 할 만큼 마이 뭇다 아이가,1,0,0,78.26,1,1
123,죄지은넘보다숨겨주고덮어주는넘들이 더나쁘다,2,0,0,78.53,2,2
241,범죄자가 검찰개혁하고 해외 토픽감,7,1,0,78.74,6,8
57,부산에 두면 504조사하기 편하니깐 멀리 둔것이지.아니면 504가 밤잠이나 제대로 자겠나,0,0,0,78.97,0,0
285,별ㅋㅋㅋㅋㅋ 개소리 오진다 했더니 역시 종양ㅋㅋㅋㅋㅋ,0,1,0,78.97,-1,1
414,윤석열 안을 수용한건데 제목 꼬라지ㅉㅉ,1,0,0,78.98,1,1
643,진짜 이게 누구를 위한 개혁인가?조국자신을 위한 개혁이라면 당장 구속시켜서 이번 법무부장관 인사 논란을 끝장내라.,2,0,0,79.0,2,2
836,"앞으로 정치범죄가  무지무지  많이 많이  늘어날   것으로  예측  빨리 축소 시켜  떵오줌 못가리도록 바빠서  정치관련  부페는  대충해야 합니다  그래야  너희들도 살고  나도살고  검찰도 살고  법원두  삽니다  우리 모두 빨빨리 검찰,법원 개혁 하여 이고비  를 돌파 합시다.......  ㅉㅉㅈㅈㅈㅈㅈㅈㅉ",2,0,0,79.18,2,2
654,역사희대사기꾼조국홧팅  ㅎㅎ사기꾼덕에  문재앙탄핵 고지가 바로눈앞에보이네  ㅎ더럽게계속버텨다오  ㅎㅎ,0,0,0,79.26,0,0
512,야 역사에 남을 뻔뻔한 놈일세...,1,0,0,79.39,1,1
37,대구를빼고 부산을 넣어야지....,1,4,0,79.43,-3,5
873,범법자가   장관이라니,1,1,0,79.48,0,2
874,웃기고 있네요 누가 뵈도 어이없는 상황이네요,0,0,0,79.56,0,0
421,문조적폐 뿌리뽑자.,0,0,0,79.78,0,0
695,부정부패 수사를 막기 위한 발악으로 보인다는~~ 그니까 차카게 살았어야지.... 부정부패 + 법치파괴 = 사형임,1,0,0,80.1,1,1
507,이런건 일본 잘 따라하네. 죽창으로 찔렀다 뺏다 자유자재네. 역시 조구기.,1,0,0,80.29,1,1
480,쓰레기들이 무슨 개혁한다고..,0,0,0,80.49,0,0
74,제목 수준ㅜ,0,0,0,80.53,0,0
343,ㅋㅋㅋ 사기꾼 범죄자가 법무부장관에 검찰개혁까지 하는ㅁㅊㅂㅅ 나라 그 이름 헬조선 여러분 요즘 헬조선은 전과기록 많으면 법무부장관 할수잇는 나라에요~~,4,0,0,80.68,4,4
120,이건 뭐 맨날  만들고 없애고 하면 개혁인가?,3,0,0,80.7,3,3
88,정치 검찰 개혁은  수사권재조정  공수처 도입으로 방점을 찍을 것이다  자한당 무엇이 두려운가?,0,1,0,80.72,-1,1
182,이인영 저새키도 똑같은 적폐다,0,0,0,80.88,0,0
619,그 옛날 민주화 운동할때 학생놈들이 공부는 안하고 데모만한다고 욕하던 인간들! 지금은 누구보다 민주화된 세상의 혜택을 누리며 살고있단다! 부화뇌동 말고 더 나은 세상 위해 기도나 하소!,0,2,0,80.88,-2,2
824,검찰개혁 민주당과 조국밀담으로..이것이개혁이냐.욕나온다..,1,0,0,80.89,1,1
275,조국이 그러라고 한 거 아닌디~~~? 먼저 제안 올린 사람 찾아서 패~~~,0,0,0,81.63,0,0
152,자기 고향 부산이랑 광주만 쏙 뺐네.,2,1,0,81.73,1,3
334,윤석렬이가 부산빼고 대구 하자고 했네,1,0,0,81.77,1,1
162,충청도를 대표하는 대전은 있어야하는거 아닌가요?,0,0,0,81.78,0,0
845,검찰 개혁을  공개적  여론도  듣지않고 그렇게   짧게  지들  멋대로  하면서    뭔개혁이냐      대단한   개혁하는줄 알았네 .             대한민국이  말아 먹어라,2,0,0,81.95,2,2
609,남조선인민민주주의 대한미국 더블사기당 척결,1,0,0,81.99,1,1
924,범죄자가 법을주무르는데 나라가 똑바로 버티겠냐? 두목재이니부터 내려오게 해야한다,0,0,0,82.03,0,0
144,신라젠ㅋㅋㅋ,0,0,0,82.11,0,0
146,끝을본다고  하더만~~ ㅋㅋ파국이  문죄인  뭔가 냄새나네~~,3,1,0,82.26,2,4
737,조국 고향과 특수부와 무슨관계.  참. 찌라시 같으니라구.,0,0,0,82.43,0,0
266,자유한국당도 특수부 사라지면 좋아하겠죠ㅎㅎ어차피 높은 분들끼리의 윈윈게임,0,1,0,82.45,-1,1
240,기사좀 읽고 댓글 알바합시다 어르신들,1,0,0,82.52,1,1
787,범죄는 부산에 가서 저질러랏,1,0,0,82.55,1,1
919,국민도 납득하기 힘듦!!!!!,0,0,0,82.63,0,0
426,"부산 무조건 넣어라.광주 ,졸라도 사람들 정권 바뀌면 다 죽여 버릭고 부산만 산다!!",0,1,0,82.67,-1,1
315,하는짓이 딱 중앙 ㅉㅉㅉ,0,0,0,82.69,0,0
690,결국 검찰개혁이라는게 힘있는 놈들을 건드리지 못하게 하는거네.. 공수처도 대통령이 검찰을 꼭두각시만들기위한거고.. 검찰개혁 외치며 촛불 든 자들은 내용은 알고 그러는거냐???,3,0,0,82.73,3,3
822,부산에서 니 가족이 저지른 사기질 행위들이 들어날까봐 부산만 빼냐?  에라이 개 좌쒹아,5,0,0,83.13,5,5
489,뭔제목꼬라지하고는..ㅋ,0,0,0,83.28,0,0
576,존재 자체가 싫다 기생충,0,1,0,83.44,-1,1
699,좃국 얼궄 보기 싫어 제발 구속,0,0,0,83.52,0,0
517,"조중동은 민주당 정부가 무슨 일을 해도 반대,따라서 무시해도 상관 없는 언론",1,3,0,83.55,-2,4
164,빠져나갈 구멍은 다 만들어놓고 튀는구나 ㅋㅋㅋ,2,0,0,83.62,2,2
434,"적폐 쓰,레,기 빨,갱,이 색,기 조국",0,0,0,83.75,0,0
694,수사 안받으려고 하는거지 뭐,0,0,0,83.75,0,0
959,"맘대로 하게 봐두고, 나중에 제대로 된 정권이 들어서면 그 때 바로잡으면 됨. 잘못된 결정이나 제도에서 배울기회가 생기는 것!",5,2,0,83.76,3,7
89,TV에 그얼굴 안 나왔으면 좋겠다.  소화가 안된다.,1,0,0,84.31,1,1
412,검찰개혁->언론개혁,0,1,0,84.4,-1,1
931,부산 뻔하다,1,0,0,84.6,1,1
418,"대한민국 제2의 도시이고 인구도 대구,광주 보다 많은데 특수부를 안둔다 ㅋㅋㅋㅋㅋㅋㅋㅋㅋㅋㅋㅋㅋㅋㅋㅋㅋㅋㅋㅋㅋㅋㅋㅋㅋㅋㅋㅋㅋㅋㅋㅋㅋㅋㅋㅋㅋㅋㅋㅋㅋㅋㅋㅋㅋㅋㅋㅋㅋㅋㅋㅋㅋㅋㅋㅋㅋㅋㅋㅋㅋㅋㅋㅋㅋㅋㅋㅋㅋㅋㅋㅋㅋㅋㅋㅋㅋㅋ야인마 조국 너 가만 안나둘걸 비리 덩어리야...빨갱이는 죽여도 된다고 누가 말하던데",1,0,0,84.69,1,1
594,이야 제목뽑은거보소,2,0,0,84.79,2,2
26,부산이 개호구로 보이나?죄국아,0,0,0,84.88,0,0
891,배가 산으로 가고 있구나,0,0,0,84.91,0,0
780,대구가 더럽나보군,1,0,0,85.24,1,1
883,조국 다리 좀 쩍 벌리지 마라! 좃대가 얼마나 크면 다리를 벌리냐!,0,0,0,85.26,0,0
391,지입맛에 맞게 검찰개혁하네,0,0,0,85.4,0,0
138,좌파는 뻔뻔하고 우파는 비겁하다,0,1,0,85.74,-1,1
876,특수부의 특징이 인지수사인데 부산경남은 검찰이 부패를 알고도 수사할 수 없고 대구는 개잡듯이  잡으라는 소리네.결국은 자기네 식구는 건드리지 말라는게 개혁이란 이름를 달고 나타난거네. 국민들이 지켜내야한다. 지금 경찰이  수사주체가 될 수준이라고 누가 인정하는가? 안기부 용공수사기능도 없애버리더니 조금 있으면 공안부도 없애겠구나,3,0,0,85.77,3,3
638,"조금씩 개선할려도 지랄. 안해도 지랄. 아이고 중앙아,...",0,2,0,85.77,-2,2
570,말떨어지자 바로시행... 절대 민주주의가아니다,0,0,0,85.83,0,0
710,조국보호 = 검찰개혁 이라는 해괴한 논리를 세우는 거짓정권에 저항한다,3,0,0,85.85,3,3
98,가정도 인생도 국정도 자기 맘대로 하고 빠지는구나.,5,0,0,85.89,5,5
424,수사방해,0,0,0,85.97,0,0
775,"그래 특수부는 서울,대구,광주만 남기고 조국 니네 집안도 싹다 구속시키고 너만 남쟈~~~~",0,0,0,86.21,0,0
193,기사 좀 읽고 댓글 다세요~ 댓글 알바분들^^ 검찰개혁안을 조장관이 수용했다고 되있자나여 덜떨어진인간들아,2,1,0,86.25,1,3
43,뭔가 합의가있었나?,0,0,0,86.27,0,0
151,"공수처와 수사권 기소권의 구체적 내용안도 국민들이 알아야 한다.  지금까지 그냥 공수처 설치 검경 수사권 기소권 분리라는 구호만 가지고 싸워왔다.  정작 그 내용이 국가 고위공직자 부패와 비리수사, 일반국민들 사건수사에서 어떤 제약을 가져오는 건지 아는 게 없잖아,",4,0,0,86.34,4,4
488,서울은 당연히 야당탄압해야하니깐 있고 대구는 당연히 탄압의 성지가 될거고 광주는 그냥 밸런스 유지겸 형식상이지,0,0,0,86.42,0,0
113,쩔라도 역시 ㆍㆍ현 정부가  잘해준다 문통 팍팍 밀어라  부산에 없는것 이상하네,0,0,0,86.56,0,0
646,거같은  자가 지랄하고 자빠전데. 너나 개혁해라. 이 xxx야.,1,0,0,86.59,1,1
21,왜냐고? 안잡힐라고,0,0,0,86.59,0,0
115,1달새 얼굴이 쪽 빠졌네. 그려~,0,0,0,86.71,0,0
658,공산주의자들을 이 땅에서 몰아내자탄핵이 답이다 구속이 답이다,1,0,0,86.76,1,1
447,다리 오무리라 씹땡아,1,0,0,87.05,1,1
895,전세계 문맹율 1위 국가이고 아이큐 1위  국가 국민들의 머리를 마비시키는 이런 개의 자식들은 누구인가!  자업자득이 반드시 있을 것이다! 천벌!,0,0,0,87.14,0,0
503,조국 정신 나간놈아니냐니 가족과 네놈부터 개혁해라,4,0,0,87.16,4,4
251,조두순이 아동청소년법 개정하는꼴 ㅋㅋ,2,0,0,87.27,2,2
472,언론개혁도 시급하네요. ㅈㅔ목 뽑는 꼴을 보니,0,0,0,87.33,0,0
56,전라도?,0,1,0,87.34,-1,1
951,그냥 죽창들고 허구언날 SNS로 국민선동만 해대는 역대급 좌빨 범죄패밀리 수괴 조국일가 구속만이 진정한 사법개혁 첫 신호탄이다. 공산 사회주의 사노맹 활동으로 국가보안법 위반하고 구속까지 된사람이 대한민국 법무수장?ㅋㅋㅋㅋㅋㅋ 진짜 뻔뻔하고 어이없는 인간이다. 문재앙은 총선까지 제발 조국을 붙들고 있길바란다.,2,0,0,87.46,2,2
352,대검이 제안했다잖냐;한글 좀 읽어라,0,2,0,87.5,-2,2
616,"조국만 해임하고 법적처분 받게 하면 되는걸 ..,.  문재인은 이렇게 나라를 두쪽으로 만들어 어쩌겠다는건가? 북한과 통일통일 외치지 말고.... 잘 살고 있는 대한민국이나 국론 분열시키지 마라.지금이 6.25때 남한 북한 나뉘어서 싸우던것과 무엇이 다른가?",3,1,0,87.5,2,4
936,"정말 더럽게 게임한다, 조국과 문가야",6,0,0,87.55,6,6
709,이게 나라냐.법을어긴놈이.법을집행하는 찌질한나라.구역질나는놈들.,1,0,0,87.59,1,1
840,우리나라 인재가 그리없나? 사시낙방한 사람이 법무부장관 되고...문재인은 사람 뽑는 기준이 뭐냐? 니 말 잘듣는 순이냐? 아님 돈 많이 주는 순이냐? 그것도 저것도 아니면 니 꼴리는데로냐? 아무리 그래도 전두환 옆에 장세동같은 사람은 니 옆에 없다.,4,0,0,87.59,4,4
708,동생이 칠성파와 연관돼 있다더니 특수수사가 무서운 모양.,1,0,0,87.68,1,1
452,야권에 있을때 특수부 만들자 라고 찬동했던 사람들 이제 정권 잡고나니 자기들 말 안들으니까 바로 쳐내려고 하죠? ㅋㅋㅋ 그게 이번 사태의 본질이다. 제발 좀 깨어나서 한 발짝 물러나서 사건 전체를 바라봐라.,0,0,0,87.79,0,0
914,급하게하면할수록 탈이 크게나지..,2,0,0,87.83,2,2
135,정신빠진 기자님. 이걸 기사 제목이라고 내냐. 머리는 옵션으로 달고 다니냐,2,0,0,87.92,2,2
639,내용도 대검이 한거고 발표도 대검이 한건데 제목엔 조국 ㅋㅋ 레기냄새,1,0,0,87.95,1,1
214,광주 ㅋㅋㅋㅋㅋㅋㅋㅋㅋㅋ,0,0,0,87.95,0,0
15,북한 석탄은 어디로 들어오냐? 대전? 광주?,0,0,0,88.12,0,0
127,문재인도 바꾸자 ㅋㅋㅋ 살기 힘들다,5,0,0,88.19,5,5
386,윤석열이하자고한거 받아주신건데 ㅋㅋㅋ 멍청한 악플러들은 그것도모르고 웅앵웅 광광대네,0,2,0,88.2,-2,2
726,광주는 이미 먹어 버렸거든 ㅋㅋ,1,0,0,88.24,1,1
686,범죄자가 국헌을 문란케하고  국정농단을 하는구나. 이런길을  가보지 않은 길이라고하는 문재인을 탄핵해야 한다.,4,0,0,88.28,4,4
265,언론들 제목으로 싸움붙이기 1등^^,1,0,0,88.51,1,1
680,부산은 왜 무시하냐? 대한민국 제2 도시인데? 설마 부산쪽에 업무량이 너무 적어서 있을 필요성을 못느낀다고 말하고 싶은 건가? ㅋㅋㅋㅋㅋㅋㅋㅋㅋㅋㅋㅋㅋㅋ,0,0,0,88.55,0,0
262,검찰 특수부도 폐지할거면 경찰 정보부도 폐지 해야하지 않겠니? 내로남불 뻔뻔한 정부 야,0,1,0,88.6,-1,1
730,푸후후후~~~~~ 누구를 위한 검찰개혁인지 서초동에서 개..돼지짓 하는것들 잘 생각해봐라 ㅎㅎㅎㅎ 이게 나라냐?,0,0,0,88.62,0,0
3,문재인 고향이지.,2,0,0,88.64,2,2
51,국민이 인정 안한 범법자조씨의 35일 행적은 모두 무효이다.  검찰개혁은 국회와 검찰.새로운 법무장관의 협력으로 안정적. 점진적 으로 진행되어져야 한다. 물도 급하게 먹으면 체하는법... 논의에 논의를 거듭하며 최상의 검찰개혁이 되도록 뜻을 모아야 할 때이다.,6,1,0,88.65,5,7
592,윤석열 대검 편들던 입장이라 대놓고 비난은 못하고...ㅋㅋ.. 검찰 개혁과 자한당 수사만 철저히해라...그러면 그동안 오해했다고 사과한다..,1,0,0,88.82,1,1
584,조괴벨스~ 히틀러 오른팔 괴벨스 같은 ~,1,0,0,88.85,1,1
459,이것이 개혁인가?조국의 백그라운드 때문에 검찰및 사법부내에서 자정도 반발도 못하고 수용한다면 기득권들의 잔치네,0,1,0,89.07,-1,1
591,대한민국 인구2위...임시수도이기도 한 부산을 뺀건 부산대의전원.오거돈.등에 대한 조사를 막을려는것이다.대구?훗..거기 한국당 텃밭이니 거기는 좌빨코드인사로 조리돌림 하겠단것이지!,3,0,0,89.07,3,3
666,이사람은 정말 뻔뻔하고 질이 아주 나쁜 사람이다.,3,1,0,89.14,2,4
615,입맛대로 바꾸고 세금이나 쳐먹으면 그만인 놈들이 권력이란다 국민이 인정하지않는 법무부장관은 명찰뿐이다 갑질을 국민을 상대로 하고있네,3,0,0,89.15,3,3
440,서울만 남겨라,0,0,0,89.16,0,0
80,오거돈 부산시장이 있으니깐 돈 많더라,0,0,0,89.2,0,0
504,어휴..기레기렉 오늘도 기레기가 우는구나..요즘은 중앙이 조선을 이기려드네,0,0,0,89.28,0,0
888,조국... 이 놈같은 범죄자가 법을 주무르고. 문정권 들어서. 나라가 작살나고 있다... 이미 북한 핵보유국 만들어주고.. 이게 뭔 재앙이니,13,3,0,89.29,10,16
932,부정부패없는 광주에는 특수부 필요없다 ..........,0,0,0,89.31,0,0
945,펩시기 쓰지,0,0,0,89.41,0,0
255,"조국, 문재앙, 장제원 = 갱상도",2,0,0,89.45,2,2
469,민변 조사단 국민투표로 뽑고 임기는 2년 하라.,0,0,0,89.59,0,0
257,거기서 고향얘기는 왜 제목에 달고...,0,0,0,89.75,0,0
49,거시기아들 반대하는 이유 우덜 동네 아이가 이니다 이거여철저한  거시기 이유,0,0,0,89.94,0,0
554,이건나라냐!,0,0,0,89.97,0,0
523,"특수부 축소하고 공수처에 바지처장 앉혀도 물재인은 못 지킨다 . 초연결 시대다 감추려고 노력해도 비리 , 불법은 탄로난다 . 물재인을 지킬 방법은 수 년째 공석인 청와대 특별감찰관 임명하고 인사검증 . 대통 친인척 , 특수관계인관리 철저히 하는 민정수석 임명하고 정치를 꼼수가 정도로 하고  눈 뜨고 귀 열어 국민과 야당의 고언을 새기고 계파와 진영이 아닌 온 국민을 상대로  정치하면 살길은 있다",1,0,0,90.06,1,1
206,오거돈포함해서 하도 더러운짓많이해서 글나?,1,0,0,90.19,1,1
248,중앙일보 ㅋㅋ 부산을 그리연결하냐? 그결정은 검찰총장이 한건데 조국의고향 프레임 ㅋ 역시 조중동은 쓰.레.기네,1,1,0,90.22,0,2
436,조국이 걸리면 크게 걸리니  조국이 빼논거죠 누구에게만 좋은법은 법이아닌 꼼수죠 이딴법은 조국에게만 지키라 명령합니다!,2,1,0,90.33,1,3
879,고향사람은 무서우니까...,0,0,0,90.34,0,0
703,민주당 너거들 부산 포기했네ㅋㅋ 뱃지 반납할 준비해라,1,0,0,90.42,1,1
954,누구에 의한 누구를 위한 검찰개혁인가?,0,0,0,90.46,0,0
724,삽질을 한다 정말,0,0,0,90.53,0,0
901,애덜 조국이땜에 급하니까 물불안가리고 그냥 졸석으로 하는구나 조만간 엄청 개정내지 원워치하겠구나 이런 생산성없는 짖거리로 생색만 내는구나 너부터 수사하고하자,2,0,0,90.66,2,2
782,검찰이 수사 못하게 하는게 개혁이냐. 사회기강을 허무는거지 종간나,3,0,0,90.76,3,3
826,조국은 쓰레기다,1,0,0,90.84,1,1
97,이게 뭐가 그리중요한사안이라고 부산에없다고 개난리냐,0,2,0,90.96,-2,2
923,진심 개한심하다ㅋ ㅋㅋ 아무도 인정하지않는 장관이라...ㅉㅉ,0,0,0,90.97,0,0
171,윤석열이 다 해놓은 검찰개혁을 지가 했다고 우기는 조국씨,8,4,0,91.2,4,12
9,장난질 참 잘하네 그런 대가리로 나라를 어찌이끌어간담 눈가리고 아옹하십시요표는 더 깎아내리니까 그런데  이나라에서 어찌살으실려고~,2,1,0,91.26,1,3
541,겁나 뻔뻔하게 나와서 입터는거보라. 웃겠다,0,0,0,91.27,0,0
717,"정부부처 모여있는 세종 옆 대전에, 지방 중에선 돈 많고 범죄 많은 부산에 1씩 있어야지",0,0,0,91.27,0,0
437,깜빵가야할 놈이 검찰을 개혁하려는 더러운 적폐세상,1,0,0,91.32,1,1
661,조국아 내려와라 북한으로 가라,0,0,0,91.34,0,0
962,"부산출신 범죄자가 제일 많은데. , 좆국씨 왜이래",1,0,0,91.36,1,1
58,전라도 윤석렬이 부산페지 제안 역시 박근헤 죽인 검찰은 적페,1,1,0,91.4,0,2
432,애들 소꿉장난 하는것도 아니고 어이 다마네기 조! 검찰개혁이 표창장 위조 인턴증명서 위조처럼 뚝딱하면 되는 줄 아나 2대도시인 부산에 특수부가 빠지는게 말이 되냐 사법고시 패스 못한거 티내지 말고 너는 하루빨리 깜빵이나 가자,0,0,0,91.41,0,0
50,이런기사 제목에 동조하는 인간들이 있어니까..질떨어지는 기사를 내는거야..수준하고는..쯧쯧,0,0,0,91.43,0,0
601,기레기들 쓰레기걸래들,2,0,0,91.48,2,2
770,사는게 졸속인생인 조사기네인데.ㅋ뭘기대하냐ㅋ  교도소를 확장해라. 느그들 전부 구속해야.ㅋ,1,0,0,91.56,1,1
53,광주는 왜 안 빼..나쁜시키야.,0,1,0,91.59,-1,1
889,조국 아웃 정경심 구속,1,0,0,91.62,1,1
530,중앙기레기 제목 투명하네. 니들은 진짜 혐오조장으로 폐간되어야할 핵 폐기물 수준인듯.,1,1,0,91.64,0,2
930,상또라이,0,0,0,91.66,0,0
763,미.친 .새. ㄲ ㅣ 도라이구만 이 놈은,4,0,0,91.68,4,4
490,지 범죄 덮으려고,1,0,0,91.72,1,1
834,내년선거땜에 조국이 법무장관으로 오래 있을수 없거든 그래서  자기들  일처리 하기좋게 빨리 개혁해놓고 12월쯤 사퇴할려는 계획이지,3,0,0,91.84,3,3
624,이나라  큰일이다  시간만  어서가야한다,1,0,0,91.87,1,1
473,기사제목이 왜 그모양이예요??,0,1,0,91.88,-1,1
797,명칭만 바꾸면 개혁이냐?,0,0,0,92.13,0,0
464,핑계는 검찰 개혁~~!!  속내는 지들 감옥 절대 안가도록 세팅하기~~!!,1,0,0,92.19,1,1
47,꼴도보기싫다 한백년쯤 잡아둬라,1,1,0,92.21,0,2
600,정말 뻔뻔한 인간이다,2,0,0,92.4,2,2
170,더러운 댓글들 ~,0,0,0,92.49,0,0
897,이게 개혁이냐?ㅋㅋㅋ,5,0,0,92.61,5,5
208,충청도는 아예 빠졌네;;; 이걸 무시당했다고 기분 나빠해야할지 충청도는 청정지역이라고 좋아해야 할지 충청도 식으로 고민 하고 있으면 정권 끝나려나,1,0,0,92.63,1,1
569,OOO,0,0,0,92.63,0,0
700,일반국민이 특수부에 가서 조사 받을일도 없을건데 이걸 축소 하는게 좋은 일이냐? 일반국민이랑은 아무 상관도 없는데 고위공직자들 부정부패 만연하겠네.일본이 3개라서 따라한다고? 미친정부,2,0,0,92.64,2,2
233,바꾸면 다 개혁이냐? 졸속 개악하지 마라~!!!,1,0,0,92.65,1,1
362,조국 페밀리 이번 정권에서 그냥 넘어간다해도. 다음 정권이 바뀐다면 그냥둘까 ?  그때 개망신 당하지 말고 이제그만 내려오지 그래 . 매도 일찍마져야 부담이 없지 속편하고조씨야 이제 그만 내려오래이,2,0,0,92.71,2,2
521,이런게 뭐가 중요해서 조국이 따위 핫바지가 개혁이랍시고 국정을 흐려 놓나?! 당장 사퇴해라.,2,0,0,92.73,2,2
542,너무 하는것 아이야..대놓고 국민을 바보로 하루빨리 문재인 탄핵이 답이다..,1,0,0,92.77,1,1
476,지가 쫓겨날듯 하니까 그전에 개판 만들려고 개발악을 하네 ㅋ ㅋㅋ,3,0,0,92.81,3,3
100,이제 뭘로 씹을래? 알바들아,3,2,0,92.86,1,5
635,부산서 이런 개 조쓰레기가 태어난겨?  ㅋㅋㅋㅋㅋ,0,0,0,92.88,0,0
86,"켕기니 부산제외,,,,뻔하지  뭐",1,0,0,92.88,1,1
444,남기면 남기는대로 발광을 했을것들이 대검에서 대구 남기자고 한거 받아준건데 왜 난리냐 이게 트윗이지 기사냐?,0,0,0,93.11,0,0
659,아~ 저 면상 언제까지 봐야하나  놀고있다 개그하냐,2,0,0,93.14,2,2
147,국민을 두개 진영으로  갈라놓더니  지역까지  갈등을  부추키냐 ?  쫑개  한마리가  강을 흐린다더니.,0,1,0,93.17,-1,1
468,쑈 그만하삼 당신은 개혁 자격이 없소.개혁 글자의미 분탕질마소,1,1,0,93.18,0,2
644,쓰레기임을 자인하네.,0,0,0,93.19,0,0
160,ㅋ 이젠 나베뇬 널 잡을 때가 왔다 쓰레기당 ㅎ,1,1,0,93.21,0,2
48,광주는 뭔데 안끼는데가 없네,2,3,0,93.23,-1,5
979,장관님   위한 맞춤  개혁이  시작 되었네요^^윤  총장 이 발표한  내용과 별 다름 없네요차라리   윤석열 총장이  법무부 장관이  되어야했던게  더 좋았을텐데..,3,2,0,93.24,1,5
380,아~저 뻔뻔한 얼굴~ㅜ,0,0,0,93.38,0,0
715,원칙도 없고 법적근거도 없는 OOO같은 개혁 ㅋㅋㅋㅋㅋㅋㅋㅋㅋㅋㅋㅋㅋㅋㅋㅋㅋㅋㅋ,0,0,0,93.49,0,0
195,에휴끝까지 조중동,1,1,0,93.54,0,2
73,네일베놈들아.. 빨리 늙어 죽어라. 국가를 위해서.,3,2,0,93.56,1,5
249,뻔뻔한 ESSO!,1,0,0,93.64,1,1
838,조두순이   성범죄법 개혁하는거랑 모가 다르냐     쯔쯔,2,0,0,93.64,2,2
648,조국  역겹다,4,0,0,93.67,4,4
734,에라이 사시 낙방해서 법을 모르는 무지를 광고하니??,0,0,0,93.68,0,0
777,사시노패스의 졸속 검찰개혁 명분도 정당성도 없다,0,1,0,93.72,-1,1
820,곰세마리가 한빵에 있어 엄마곰 아빠곰 아새끼곰 아빠곰은 적폐곰 엄마곰은 비리곰 새끼곰은 사기조작곰 이판사판 잘한다,2,0,0,93.73,2,2
18,싹리 폐지하고 공수처 신설해야지,0,2,0,93.74,-2,2
393,직무정지 해야돼지 않나. 왜 이사람이 뭔데 수사받아야 할 사람이 계속 설치게 놔두나.,3,0,0,93.8,3,3
689,중앙이쓰고 게이버 베댓에 쉰밥같은 댓글.지겹다 지겨워.  민생법안 통과 안시키나?자한당아?,0,0,0,93.82,0,0
790,쓰레기 중앙  폐간이 답이다!,1,1,0,93.83,0,2
605,중앙 기레기는 아직 정신안차리고  뻘짓하네 고향 얘기가 왜 나오냐,1,0,0,93.87,1,1
729,문재앙 고향은? 거제!,0,0,0,93.88,0,0
788,조두순이가 여성부장관 되서 여성부 개혁 하는  꼴이지  수사 받는  피의자가 장관되서 검찰  압박 하는 나라는 우리나라 밖에 없다,2,1,0,93.93,1,3
483,뻔뻔한  새끼,1,0,0,93.95,1,1
723,"●부산의 4대 개종자... 뇌물현, 문재앙, 좌국, 개무성.",1,0,0,94.02,1,1
186,알바들 많네. 수고가 많아.,2,0,0,94.1,2,2
191,전라도 광주는 뭔대 남기냐? ㅋ,1,0,0,94.11,1,1
385,진짜 다들 미쳤네 나라가 망조다 법무부 장관이라는 작자가 하는짓 보니 곧 ㅉㅉ,0,0,0,94.2,0,0
66,와... 진짜 중앙일보 답다. 쓰레기네.  제목수준봐라,4,4,0,94.3,0,8
319,똥푸산은 낄때껴라 ㅋㅋㅋ 일본 식민지새키들이,0,2,0,94.41,-2,2
177,결국 검찰개혁은 윤석열 혼자 다함 sns만 하다가 sns만 하러 다시 가라,3,0,0,94.46,3,3
104,일베는 살아있다!! 오늘같은 일베축제의 날에 민심테스트 한번 해보자 일베 공감 vs 문재인 비공감,4,0,0,94.46,4,4
237,조선일보보다 한걸레가 싫어졌다.,2,0,0,94.47,2,2
819,거리로나갑시다이OOO하는짓을언제까지국민이봐조야합니까,1,0,0,94.52,1,1
549,권한이겠지,0,0,0,94.56,0,0
756,ㅋㅋㅋ 도둑옴이 무슨짓 하는거야 ???,0,0,0,94.59,0,0
148,부산시장 조사 할까봐 그래??먼가 있구만,1,1,0,94.63,0,2
970,이놈아 니집부터 개혁해라 지랄,4,2,0,94.74,2,6
944,그럼 왜 광주인데 ㅋㅋㅋㅋㅋㅋㅋㅋㅋㅋㅋㅋㅋㅋㅋㅋㅋㅋㅋㅋㅋ,1,0,0,94.81,1,1
665,정권 바뀌고 다시 돌려 놓으면된다김현정이 부릅니다  - 다 돌려 놔-,0,0,0,94.92,0,0
278,느그 석열이가 그렇게 하자고 햇대 으이구.. 좀 알아보고 댓글을 달지,0,0,0,94.94,0,0
333,검찰보다 언론이 더문제인듯.국민을 바보로만드는 제조기같으네.,0,0,0,94.96,0,0
384,모든 개혁이 본인 위주 ㅋㅋㅋ  그래도 가만히 방관하는 검찰 퇴직 관계자가 이상함. 시국 선언해라~,0,0,0,94.97,0,0
828,이상한놈이 하는짖 이상할수박에 나라꼴이 말이 아니네?정신나간것들이 국정운영한다고 폼잡는것보면 육이오때 공산당생각난다,0,0,0,95.01,0,0
194,지까짓게 뭔데 검찰개혁을 한다고ㅉㅉㅉ,3,1,0,95.07,2,4
153,똥싸고 튀는데는 일가견이 있네 ㅋ,1,0,0,95.08,1,1
122,부산에 공수처 설치하고 문재앙 민변 친구들 동원해서 우익 자본주의자들 때려잡자 이거 아닌거?,0,0,0,95.28,0,0
795,국가기강을 당나라군대식으로 내려놓는구먼~~~아니 깜빵갈넘이  뭔개혁?이참에 새치혀좌빨들 다잡아넣는게 참다운개혁이다  공감?,1,0,0,95.37,1,1
849,범죄자가 범죄개혁,1,1,0,95.44,0,2
128,제 2의  수도를 빼버려?,0,0,0,95.44,0,0
155,특정지역 빠진게 말이냐!!그러니 니네가 기레기 소리를 듣는거지..ㅉㅉ,2,0,0,95.44,2,2
651,어차피낸총선지나면문재앙이랑조국탄핵될텐디   급할거없음  ㅋㅋㅋㅋ,2,0,0,95.49,2,2
291,제목 참 드럽게 뽑는다 중앙 쓰레기들ㅉㅉ,1,1,0,95.5,0,2
445,남기면 남긴다고 지랄 안남기면 안남긴다고 지랄,1,0,0,95.57,1,1
725,범죄자가 장관인 나라내려가라ㅁㅈㄷㄲㅈ,3,0,0,95.61,3,3
342,자기 가족을 위한 검찰개혁이냐?  그러니 빨갱이들 정적 제거용이라고 하는 거지... 꺼져!!! 쓰레기,2,1,0,95.62,1,3
957,졸속처리하는 검찰개혁 반대한다,1,0,0,95.65,1,1
340,광주는 왜냅둠?,1,0,0,95.66,1,1
370,지역감정 앞세우는 기레기봐라ㅉㅉ,0,0,0,95.67,0,0
363,개 양아찌야 뻔뻔한 가족들,2,1,0,95.68,1,3
302,경심이 수사 끝나고 해라. 왜그리 급해,2,0,0,95.72,2,2
126,혹시 신라젠과 관련이 있나???,2,0,0,95.74,2,2
767,쓰  레기들만  모이는구만,0,0,0,95.74,0,0
129,조기생충가족사기단 꼭 구속시켜라. 조기생충에게만 법망이 피해간다.,1,1,0,95.82,0,2
538,청와대 국무총리부터 전라도가판치네 전라도청와대인가,0,1,0,95.84,-1,1
707,부산이 대구 광주만 못하나? 뭔 짓거리들.,1,0,0,95.86,1,1
630,주말에 지들끼리 모여서 오늘 발표?,0,0,0,95.86,0,0
159,개새  범죄자놈이  지 한몸 희생해서  딴놈들  오거돈이부터  부산 경남 지들패거리  범죄  카바  딱 해주고  간다 이거지,3,2,0,95.87,1,5
577,천박하고 미개야만 똥푸산 산동네 판자촌에서 등산하는 시골거지촌놈들 수준이 다 그렇지 뭐 ㅋㅋㅋ,0,0,0,95.89,0,0
52,고위공직자 수사기능을 자꾸 약화시키는 방형으로 개악질하면서 이게 검찰개혁이라고 하는 저의가 뭐냐?,17,0,0,95.95,17,17
46,이걸기사라고 쓰냐,2,0,0,95.99,2,2
857,"도덕성은 둘째치고, 민정수석 할때부터 일 못하기로 소문났으니.. 새삼 놀랍지도 않다",1,0,0,96.0,1,1
277,범죄피의자가 무슨 검찰개혁이냐.,3,1,0,96.02,2,4
321,"진짜나쁜사람.자기의 잘못은 전혀 들에다 보지 못하는 뻔뻔하고 치졸한  행태.안민석,윤지오,김제동,유시민은 상대도 안되는 악의 축",0,1,0,96.18,-1,1
230,아주 대놓고 기만하구나 이제 ㅆㄺ 들,0,0,0,96.18,0,0
442,내가왜 이런 거짓된 자 범죄자들아래서 살아야하지?,1,0,0,96.25,1,1
842,이.ㅡㄱ.ㅡㅅ.ㅡㄲ.ㅡ무슨개선장군처럼.쳐앉아있네.참.호로.ㅡㅅ.ㅡㅋ.ㅡ네,0,0,0,96.32,0,0
578,충청도 경기도 강원도는 핫바지냐????~~~~ㅉ,1,0,0,96.36,1,1
8,버닝썬 덮으려고 애쓴다.,3,2,0,96.4,1,5
833,신기한게 좌파들의 고향이 왜 죄다 경상도인가요?누가설명좀 정말이해가안가서그래요,0,0,0,96.4,0,0
180,끝까지 교수직은 유지하려고 머리 쓰네!!!,3,0,0,96.41,3,3
572,이런ㅇ같은것이 뭘바꾼다고 정당성이없다 끝날때원이치로 돌려놓거라 털끝하나바꾸지말고,4,1,0,96.46,3,5
745,법조계 반발한 색히가 누구냐?면상한번 까봐라,0,1,0,96.46,-1,1
692,살다살다 저렇게 뻔뻔한자식은 처음본다...,4,0,0,96.47,4,4
718,니가 그럴 자격이나 있냐? 뻔뻔하고 파렴치한 같으니라고 .. 저자슥 임명한 문죄인도 아웃,0,0,0,96.48,0,0
950,노무현 대통령한테 싸대기 맞을 자식,1,0,0,96.49,1,1
916,ㅋㅋㅋㅋㅋㅋㅋㅋㅋㅋㅋㅋㅋㅋ별것이 다 논란이냐 ㅋㅋㅋㅋㅋㅋㅋㅋㅋㅋㅋㅋㅋㅋㅋ,0,1,0,96.53,-1,1
27,미꾸라지 좌파새끼들 내로남불 토나옴,3,1,0,96.54,2,4
309,강간범이 강간 대책세우고 마약범이 마약 근덜 정책 세워라 위대한 미친 대한민국 완전 후진국 됐구나,3,0,0,96.56,3,3
926,조국이 뭐 대단한 일도 아니고만. 무슨 역사적 사명을 지가 지고 태어난 것 처럼 찟고 까부는 것이  웃기는 코메디야요.   어쭙찮게  머리 쓸어올리는 모습하고는  빨리 화면에서 사라져 주시오.  얼굴 보는게 역겨워.  이중인격자 .   살인은  칼의 크기와 상관 없어요.  단검도 살인이 가능해요.  칼도 중요하지만  누가 쓰느냐가 중요합니다. 조국이 개혁은 진정한 개혁이 아니야. 조직 바꾸는 것이 무엇이 그리 중요하다고 난리를 치는지. 쓰는 사람이 중요한 것이야 .,1,0,0,96.61,1,1
637,저런게  검찰개혁이냐? 조작수사.거짓수사 하는 놈들  파면하고 변호사도 못하게 하는게 개혁이다. 이름바꾸고 조직바꾸는건 업무혁신이지  개혁이 아니다,1,0,0,96.61,1,1
417,에라이 스토커기레기야,0,0,0,96.62,0,0
20,부산을 욕되게 하지마라. 재수없다,0,2,0,96.63,-2,2
527,전라도는 그렇타구 치구 부산 니들은 문제인 민주당 전나찍어지구나서 지금와서 왜들떠드냐 이럴줄 모르구 찍어준거냐 좌빨은 다 똑같지,1,0,0,96.64,1,1
292,문재앙 탄핵 정도가 아니고 이젠 시민혁명이 필요하다,7,1,0,96.7,6,8
681,조적조에서 보듯이 몇년있다가 조두순이 출소하면 성범죄 방지 특별위원으로 활동하는 날이 뭐지 않았네요...ㅡㅡ 욕나오넹....ㅡㅡ,0,0,0,96.71,0,0
583,● 거악의 주범이 검찰개혁을 주장하다니 김일성이 625전쟁을 민족해방을 일제의 한일합방을 조선의 근대화라고 주장하는 것과 무엇이 다른가?,2,0,0,96.75,2,2
563,기레기가 쏟아내는 이 쓰레기같은 기사들....그만 보고싶다...대학보내려고 등골휜 부모님들이 이런기사 쓰리고 고생햇는가싶다..,5,0,0,96.78,5,5
222,제목 뽑은 꼬라지 으으으으 드러워,0,0,0,96.78,0,0
823,조국넘  저거 집구석이나  개혁하지인간쓰레기가  감방갈준비나 해라,2,0,0,96.79,2,2
458,차라리 강간범한테 여성가족부 개혁을 맡겨라,1,1,0,96.79,0,2
221,조국이 반대하는 넘들은 다 사기꾼들이 대부분이드라.,1,1,0,96.82,0,2
667,광주가  유난히  눈에  띄는건  나뿐인가  ???,0,0,0,96.85,0,0
212,그만해 사퇴한다고하잖아 드럽게 괴롭히네,1,5,0,96.92,-4,6
958,조국 진짜 교수 맞긴한가.. 아무것도 모르고 그냥 대충 하는거 같다 보여주기식인가,6,0,0,96.96,6,6
921,사노맹 빨갱이 끼,0,0,0,96.99,0,0
108,아무 의미도없는 지들 망상속 검찰개혁  ㅋ ㅋ ㅋ ㅋ ㅋ ㅋ ㅋ ㅋ ㅋ ㅋ ㅋ ㅋ ㅋ ㅋ ㅋ ㅋ ㅋ ㅋ ㅋ ㅋ ㅋ ㅋ ㅋ ㅋ ㅋ ㅋ ㅋ,1,0,0,96.99,1,1
371,아 쫌!! 기사를 읽고 댓글 달라고!!이번 방안은 대검이 먼저 내놓은거라잖아!!머리에 뭐가 들었길래 글은 제대로 안읽고 댓글 먼저 다는거야??근거없는 비방 제발 좀 그만 합시다.,1,0,0,97.0,1,1
121,지랄을한다.그게개혁이냐.이지랄할라고.어이구.개혁한번.거창하네.서민들이.억울한거.없애는.개혁이아이고.너거끼리해처묵는.개혁이냐.국민들을위한.개혁은없네.너거끼리.다해처무라.썩어빠진나라.대한민국.만세.,2,0,0,97.01,2,2
390,기사 좀 읽고 댓글써라 니네가 존경해 마지않는 윤총장님께서 제안한거고 조장관이 승인한거다.,0,1,0,97.04,-1,1
207,진짜 웃기네. 하도 어이가 없는 세상이라 말도 안나온다.,2,1,0,97.08,1,3
894,피의자가 검찰을 개혁한다?? 삶은 소가 웃을 일이다! 그치만 저딴 선동에 넘어가는 개돼지들은 누구냐??,11,1,0,97.1,10,12
360,강간범이 성범죄 단속하러 다니고 사기꾼 사기예방활동 하러 다니는 시대가 온거냐 한번도 경함하지 못한 세상이라더만 헛소리가 아니네,2,0,0,97.15,2,2
711,도대체 기준이뭔가요 근거도없이 개혁만 하는건가요?  국민을 진짜 바보로 아는 듯하네요,1,0,0,97.17,1,1
478,사기꾼 도적놈이 검찰 개혁하는 미 친 세상문슬람 달창의 개같은 세상,1,0,0,97.19,1,1
131,반쪽자리 검찰개혁.    왜  부산은  뺏지.....,3,0,0,97.2,3,3
573,저뻔뻔한OOO.를모셔야하는지,0,0,0,97.21,0,0
288,조국 이나   여당입맛에  맛는 검찰개혁이 뭔 소용인가국민을 기만 하지마라~~,1,0,0,97.28,1,1
76,개 쓰레기 애쓴다.,1,0,0,97.3,1,1
438,그럼 충청은 왜 빠졌냐?.. 딱 보니 서울과 영남 호남에 두었네... 우리나라 분열의 주범은 신문기자의 승진욕심때문이다 라고 주장하면 억지냐?,0,0,0,97.33,0,0
276,제목 장난치지 마라,0,0,0,97.33,0,0
375,정신이 이상한건가???왜저러냐 철면피도 어느정도지  망상이보이나??,1,0,0,97.37,1,1
346,정신 못차리는구나,0,0,0,97.41,0,0
301,조국 고향 왜 빠졌나. 기자양반 기사 좀 제대로 표현해서 올려라. 이런 제목이 맞다고 보냐. 글 쓰는 연습 좀 많이 하든가,1,0,0,97.46,1,1
595,그래서 어쩌자고. 대구가 아니고 왜 부산이냐고 떼쓰기만하지말고 누가 좀 논리적이고 정당한 의견을 제시해봐라. 계속 딴지만 걸면 일이 성사가 되겠냐 ?,0,0,0,97.48,0,0
844,"부산은 '문재앙'이라는 희대의 빨갱이와, '좌국'이라는 역대 최대범죄 보유자, '개무성' 이라는 역대급 배신자를 배출한 지역이다.",7,0,0,97.5,7,7
154,방금 조국장관사퇴 SBS 뉴스 댓글에서 다른사람 공감을 눌렀더니  13명 공감이 8로 바뀌어  이상해서  좀 위쪽의 8명 공감을 누르니  0명으로 변했습니다.  전문가들과  한국당 등은  이문제를 규명해 주세요~  이들은 이제  댓글 공감비공감숫자도  농락하니... 앞으로 어떤 일 할지 모릅니다. 네이버를 고발 합니다~,23,4,0,97.51,19,27
78,대체 저걸 왜 없애는거야???  문재앙 및 휘하 빨궹이쉐리들 레임덕 시작되니 무서워서 없애눈거야?,1,0,0,97.53,1,1
196,무엇이든 없어졌다는게 중요.향후 그역할과 기능축소해야한다.공수처로 가야한다,0,1,0,97.55,-1,1
317,집에 티비 부술뻔 ㅎㅎ   혈압오르네  저분얼굴보면.....,3,1,0,97.55,2,4
405,한국 제2의 대도시 부산을 뺀다?? ㅋㅋㅋㅋ 누굴 바보로 아나,1,2,0,97.58,-1,3
911,넌 꺼져라.면상 보기도 싫다.개혁은 개뿔,0,0,0,97.58,0,0
536,조국 이사람 정말 사람답지 않네요ㅡ 자기 집에는 온갖 잡동사니 쓰레기가 가득한데 다른 집 청소시켜야 한다고 난리를 부립니다.,3,1,0,97.6,2,4
752,이젠 대놓고 지꺼만 챙기네 ㅋㅋㅋㅋ 에라이~~ 저런게 법무부장관이라고 ㅉㅉ 하긴 문재앙이도 대통령질 하고 있으니..정말 경험하지 못한 나라를 쳐 만드는중이네,2,0,0,97.61,2,2
178,고향으로 도망가는데 검찰 특수부가 없어야지 조사 안 받지.,3,0,0,97.63,3,3
558,만일 부산에 설치한다 그러면 지역표심때문에  조국고향인 부산에 설치하고  대구만 소외시켰다고 소위 법조계 존문가들 인터뷰따다가  지역감정 부추기고 난리치겠지..달리 찌라시 기레기란 말이 생긴게 아니다..,1,0,0,97.64,1,1
90,뉴스 내려 사퇴한 장관 계획이자나,1,0,0,97.65,1,1
746,이건 뭐 장관이라고 지가 하는건 없고 윤총장이 말한거 그대로 하네..뭐하러 그자리 앉아있냐? 집구석 사수하고 공수처 만들려고 가짜검찰개혁 운운하고 있네..,0,1,0,97.67,-1,1
678,법무부장관 됐으니  빨리 장학금이랑 투자 금액 기부하시오. 그러고 검찰개혁이다.,0,0,0,97.68,0,0
593,개 젖가튼 나라 간첩섁퀴들이 난무하는 세상,0,0,0,97.72,0,0
705,부산에 저질러놓은 비리가 많으니까 뺀거라는 합리적의심이 간다.부산에 싸질러 논 똥은 누가 치우는데?,17,1,0,97.73,16,18
202,이름 바꿔봐야 하는 일만 같으면 되지.. 형사부든 특수부든 검찰의 의지 문제겠지..  조국 부부 니들은 환갑전에 감방에서 나오기 힘들거다..,0,1,0,97.74,-1,1
736,이제 그러려니 한다. 원래 나라수준으로 가는거지. 다시 노비제도 만들어도 이상하지 않을 것들일세.,0,0,0,97.74,0,0
356,조국수사 방해하려고 발광들을   하네.  검찰개혁만큼 중요한 사안을 이렇게 졸속으로  처리하는 의도가 뭔데??  조국 수사 끝내고  천천히 신중히 검토하면 나라가 망한다디??  북한 미사일  쏘아대도  숨소리 한번 안내더니  누가 보면 전쟁난줄~~  똥줄탄 문죄인공산당들~~,11,1,0,97.74,10,12
855,적폐들이 무슨 개혁씩이나 하시겠다고 난리인지 대의민주주의면 무조건 입다물고 손놓고 망치는 꼴을 눈뜨고 보고만 있어야 하냐 권력을 위임받았으면 제대로 쓰던지 했어야지 지들 지키는데만 혈안이네,1,0,0,97.75,1,1
975,"국무총리 이낙연(전남영광)/비서실장 임종석(전남장흥)/청와대 수석 윤영찬(전북전주)/ 정책실장+주중대사 장하성(전남광주)/교육부총리 김상곤(전남광주)/여성부장관 진선미(전북순창)/농림부장관 김영록(전남완도)->이개호(전남담양)/경찰청장 민갑룡(전남영암)/검찰총장 문무일(전남광주)/법무부 장관 박상기(전남무안)/국토부장관 김현미(전북정읍)/육군참모총장 김용우(전남장성)->서욱(전남광주)/해군참모총장 심승섭(전북군산)/방통위원장 이효성(전북익산)/인사혁신처장 황서종(전남강진)/헌재재판소장 우리법연구회 유남석(전남목포)/승리,윤총경:광주",499,493,0,97.76,6,992
606,일반 소시민과는 전혀 상관없는 윗머가리들의 이익싸움인 듯해 보고있자니 상당히 불쾌하네요,1,0,0,97.77,1,1
406,범죄자가 뻔뻔하게 설치고 다니는 나라...진짜  경험해보지 못한 이상한 나라가 됐다,0,1,0,97.79,-1,1
81,"머깨문들아, 솔직히 문재앙과 민주당 3년 동안 뭐 했냐? 남북관계? 정치? 외교? 경제? 북한이 뭐 핵포기라도 했냐? 미사일이라도 안 쏘냐? 정치는 뭐 국론분열에 내로남불에...하는 인사마다 삽질에 비리가 없는 것도 아니고ㅋㅋㅋ외교? 트럼프가 방위비 6조 이야기하고 일본하고 외교는 최악에 중국 가서 혼밥한게 잘 한거라면 뭐....경제는 IMF이후 최악인데? 경제지표에서 늘어나는건 청년실업에 노인단기일자리고...제조업 종사 근로자는 해가 갈수록 줄어들고...ㅋㅋㅋㅋㅋㅋㅋ진짜 이게 나라냐?",3,1,0,97.9,2,4
425,문재앙 조국 조선인민 민주당  해골바가지  뒈지기 전에는  대한민국에 미래가 없다~~,1,0,0,97.94,1,1
77,법무부장관 취임 35일만에 사의한 넘이 검찰개혁을 한다구? 된장같은 소리 하고 있네,1,0,0,97.95,1,1
23,지방 특수부가 무슨 힘이 있냐? 어디를 두든 별로 중요한 게 아니야. 또 부산에 뒀다면 조국이 고향에 특혜를 줬다고 기사 쓰겠지.,0,1,0,97.96,-1,1
913,조국부터 개혁대상이다  범죄자가  무엇을 하냐   죽은 소대가리가 웃는다 조적국 기생충 사기군 가족  추잡한새끼,4,0,0,97.96,4,4
568,이거 윤석렬이가 내놓은 것과 무엇이 다른데?  젓국 참 무능하다 뭔가 신선한걸 내놔도 안될판에 이름 바꾼다고 개혁안? ㅋㅋㅋㅋ,1,0,0,98.0,1,1
499,조국이 추진하는 개혁은 콩으로 메주를 쓴다고 해도 믿을 국민이 별로 없을듯^.^,1,0,0,98.0,1,1
912,나중에는 똥싸는것도 논란이라 하겠네,0,0,0,98.03,0,0
800,마누라는 조사중인데 쟤는 저짓을 하고싶을까.하여튼 연구대상 이네. 니도 곧 잡히간다,2,0,0,98.07,2,2
628,아 뉴스 볼때마다 개빡치네 ㅅㅂ 이 ㅅㄲ 언제 구속됨?,2,1,0,98.13,1,3
495,사기꾼이 검찰 개혁을 하냐? ㅋㅋ 개 웃기네. 나중에 광주로 가서 조사 받겠다는거네. 같인 좌빨들이라 편 들어줄 것 같으니 ㅋㅋ,3,1,0,98.17,2,4
494,이런식이면 유승준이도 군홍보대사 할듯,0,0,0,98.18,0,0
813,전지전능하시고 초능력까지 갖춘것 같은조국 쓰레기,2,1,0,98.23,1,3
63,장난하나?,0,0,0,98.26,0,0
401,이거 윤석렬이 먼저 3곳만 남기자고 한건데.... 조선은 정말 일부러 조국 엿먹이려고 하는게 너무 티나요,0,1,0,98.26,-1,1
296,제목을 이렇게 뽑는  목적은?정말 해도 해도 너무한다.기레기~~,3,0,0,98.28,3,3
250,전라도는 과거 아픔이 있었고 이에 일정 공감하는게 있는데  문제는 갱상도 좌파인거 같다 이들은  그야말로 세치혀로  온갖 가짜뉴스와 내로남불로 국기문란 사회 혼란을 부추기는 세력이다........,0,0,0,98.28,0,0
216,분명 무슨 조작질있을듯,3,0,0,98.32,3,3
607,"검찰개혁 취지를 모르겠고, 검찰측에서도 납득이 가지 않는다고 하는데 삼권분립은 이미 붕괴됐고, 국민이 주권을 가질수 없는 나라... 이게 현실이다. 검찰 수사를 조국 결제받고 하라는 게 말이나 되나?",0,0,0,98.38,0,0
575,김명수 우덜식 법 연구회 사법부 장악한 법관적폐 개혁이 일번,0,0,0,98.4,0,0
105,이게기사냐 뭐만하면 묶냐 와진짜 해도해도 너무한다,0,0,0,98.43,0,0
506,전라도 경상도가 범죄자가 많아서 저기에 둔건가..,0,0,0,98.43,0,0
893,왜 갑자기 뭐지??? 이렇게 맘대로 하려고 법무부 장관 되려고 햇나??,3,0,0,98.44,3,3
712,광주는? 느그 논리라면 광주를 빼고 대전으로 해야지? 비뚤어진 눈으로 보니 모두 비뚤어지게 보이는거다! 반성해!,0,0,0,98.49,0,0
286,중앙의 고향타령 어이없네 또 아니면 말고식이야?,0,0,0,98.5,0,0
161,"이상하네요~~ 특수부 숫자 줄이고, 명칭 바꾸고, 검사장 지원차량 없애고.... 이게 검찰개혁인가요? 이걸 하려고 조국을 법무부장관 시킨건가요? 법무부장관 나무랭이가 무슨 개혁을 합니까? 검찰개혁은 대통령과 국회의원이 하는 겁니다. 꼭두각시 법무부장관이 무슨 힘이 있어서 검찰개혁을 하나요~~ 제발 물타지 하지 마라~~ 문재인 멍청아~~",6,3,0,98.51,3,9
413,개념도 없고 생각도 없도준비도 없이 ~둥이만 놀라네.아래서 올리면 검토 조차 힘든 판박이고무도장 그대가 꿈꾸는 개혁과 아름다운정의이라.,2,0,0,98.52,2,2
588,조 똥개 = 문 똥개 =  능력 없는 좌빨  =  모두 가족 범법자 =  말과 행동이 완전히 다른자 = 치부 한자들 = 다들 빠른 시간에 사라져 버려야 할 자들 (북 정치범 수용소로),1,0,0,98.53,1,1
608,북한과 평화통일 외치지 말고...남한이나 두쪽으로 분열시키지 마라. 대통령 하나 잘못 뽑아서 나라 꼴이 이게 뭐냐?,6,0,0,98.54,6,6
293,무슨 일이든 졸속처리는 검은 의도와 사후 부작용이 필수로 존재한다. 미친 OOO. 지금 이짓거리들이 일장춘몽임을 깨달을것이다ㅋㅋ  자리 내려오기만 해봐.,5,1,0,98.55,4,6
513,"조또몰라요 쓰레기! 청산 대상이며, 개혁 대상이 자신인데 미치지 않고서야 발광할 수 있나? 암튼 주제파악도 못하는 무식한 작자야!!! 쓰레기소각장으로 꺼져라!!!~~~~",1,1,0,98.58,0,2
719,요새 뉴스보면 ㅈㄱ때문에혈압오름검찰장악반대,0,0,0,98.6,0,0
133,니가 그러고도 기자냐?  부끄럽지않냐? 이렇게하려고 공부해서 기자됐냐? 기레기야 욕도 아깝다.니한테 욕하는 내가 불쌍타. ㅂㅅㅇㄱ,2,0,0,98.61,2,2
906,상식대로 안하는게 문구라와 조똥의 특징이고만.,1,0,0,98.63,1,1
40,"대전은 그렇다치고, 조막만한 광주는 뭔 특수부냐?",4,1,0,98.63,3,5
68,시 발 부산이 광주보다 못하냐? 전라도 똥꼬만 존나게 빤다 대전보다 못한 광주가 이 정권에선 특별시 취급받네,1,1,0,98.63,0,2
867,반일 외치면서 일본 따라하냐!,0,0,0,98.64,0,0
75,솔직히 유사시민과 한걸레가 나서서 불지펴서.. 지지율 더 떨어뜨리고 중도사람들도 등돌리게 한거다.,2,1,0,98.69,1,3
235,이 정권 국정 운영은 책상 줄 그어놓고 다투는  초등급 수준이다. 이런 놈들에 선동되서   뽑아준  개돼지들은  반드시 응분의 댓가를  치뤄야 된다.,2,1,0,98.69,1,3
627,너 정신상태나 뜯어고쳐라! 사이고페스 왕자병 ㄱ ㅔ ㅅ ㅔ 기!,1,2,0,98.69,-1,3
720,냉정하게 지켜보는중이다... 이제 화가나고 답답하고 그런 감정 없다.,0,0,0,98.7,0,0
909,"정권끝나면 다 원복이니까 아무 의미 없다 , 확실한건 족국과 문재앙은 깜빵에 있다는 거다",4,1,0,98.71,3,5
223,결국 자리 나눠먹기네 젠장,0,0,0,98.73,0,0
620,윤석렬 뭐하냐?조국 저고 빨리 안치우냐?꼴도 보기 싫다..족같은 사회주위자 새끼들은 바로 구속 시켜라.,5,4,0,98.79,1,9
394,"개~~~~쓰레기들 사진 치워라! 사람 사진만 올려 정치기사엔. 아님, 문화레져 반려동물란에 넣든지.",2,0,0,98.8,2,2
815,얘도 검찰개혁은 틀렸네 ㅋㅋㅋㅋ꼬라지보니까 흉내만내다가 끝나겠군.. 그렇게 지한테 맡겨만주면 된다고 하더니만 역시 ㅋㅋㅋㅋㅋ,4,0,0,98.8,4,4
238,천룡인을 위한 검찰개혁 ㅋㅋㅋ ㅅㅂ 이게 개혁이라고? ㅋㅋㅋㅋ,1,0,0,98.84,1,1
560,오거돈이랑 동생 살리자고 저러는건가? ㅋㅋ 나라 꼬라지 참,2,0,0,98.85,2,2
284,범죄피의자가 무슨 검찰개혁이냐 물러나라 조국!!!,2,1,0,98.91,1,3
19,아니 빠지든말든 참ㅅㅂ 기사 쓸꺼 좃나 없네,0,3,0,98.94,-3,3
433,뭘 한다고 과연 대한민국이 달라질까? 공수처 같은 새로운 부정부패만 만들지 마라 세금 넘나 아깝다,0,0,0,98.97,0,0
279,특수부를 없애겠다는 건 본인들의 비리를 덮겠다는것과 동일한 행동 특수부는 물론 검찰자체가 일반 국민이랑 아무 상관없는데 저들이 저렇게 저기에 매달리는건 너무나도 이유가 뻔하지 않은가? 이미 민주당에는 국민이 없다,3,1,0,98.98,2,4
181,나라꼴 진짜 한심하다.. 저딴게 법무장관이래ㅋㅋㅋㅋㅋ,4,2,0,99.02,2,6
166,광주는 범죄의 도시인데 거기 특수부 만들어서 뭣할라고? ㅋㅋㅋㅋ일단 해쳐먹을곳하나는 놔두네 전라도에,0,3,0,99.04,-3,3
673,"무늬만 검찰개혁인 것처럼 하려고 애쓴다. 윤석열총장 개혁안이 더 내실있네? 검찰조직에 대해 아무것도 모르는 범죄자 조국이 검찰개혁한다고 설치니 가관이다. 지피지기해야 이길 수 있는데 ,검찰에 대해 알지도 못하면서 설치기만 하니ㅉ",3,0,0,99.05,3,3
243,시비걸게 더럽게 없나보네 이딴것도 기사라고 쓰고,1,0,0,99.05,1,1
735,피의자가  자기 범죄자가족  지키는법안을 발표하는 더러운 현실을 살고있다 진짜 나라가 어쩌다 이지경까지온건가,0,0,0,99.08,0,0
791,이게 검찰개혁??이름만 바꿨을 뿐이고...좌좀들 허탈하겠구먼ㅋㅋ.....국민들 민생과는 아무런 관련이 없는 검찰개혁! 결국 좌파의 권력욕일 뿐!,3,0,0,99.08,3,3
448,서울 외엔 대구-광주... ㅋ 영원한 지역구도로구만. 부산이더니 대구로 바꾼 건 광주랑 균형 맞추기인가?,0,0,0,99.09,0,0
808,근거가어딨냐.제 맘대로지,0,0,0,99.2,0,0
599,이제  젓국이  범죄자들의  좋은세상을 만들었구나ᆢ지가  범죄자니 서슴없이 범죄자 왕국을 만드네,1,0,0,99.23,1,1
825,나라가 개판이네,0,0,0,99.23,0,0
937,무신 개선장군이라도 되냐 저 거만한 시끼,5,0,0,99.23,5,5
853,쓰레기 조국 니 대가리하고 꼴통 문재인 대가리 개혁부터 해라!,1,0,0,99.24,1,1
830,거서기 정부................박근혜 정부를 주적으로 몰고 적폐로 만들려고 특수부 인원 2배로 늘리고 있다가 조국 서기 조사 하니 특수부를 없애냐?>................이것들 완전 정신병자 아니냐?,4,0,0,99.25,4,4
140,참...타이틀도 어이없이 뽑아내내요.읽어보니 다 이유가 있구만.에효..,0,0,0,99.25,0,0
779,특수부 줄이는 게 머가 그래 큰 개혁이라고 조국 아니면 안된다 우기냐?,15,3,0,99.3,12,18
54,검찰을 건들면 다친다.제되로 보여주었구만. 결국 사퇴하게 만들고 다음 법무부 장관도 또  확 겁데기 벗기겠지. 검찰 건딜면 당한다.,1,3,0,99.31,-2,4
732,마치 조국이가 대한민국의 주인 인것 같다. 참 어이가 없다. 빨갱이 위선자 샠퀴 역겨워 토나온다.,1,0,0,99.34,1,1
192,서울 대구 광주라면 중국과 친중 정치인들이 스마트시티 사업을 공동으로 추진하는 유일한 3곳인데 ㅋ 서울은 박원순이를 중심으로 전기차나 지하철 버스 공공와이파이나 코링크가 투자하는 스마트 가로등이나 버스 와이파이 산업 배터리 산업등 다 중국에 투자유치해서 추진하고 하고 있고 대구는 대구시장과 조원진 유승민의 지역구 의원들이 모두 친중 여시재과 관계가 되어있고 이들을 중심으로 중국의 스마트시티 건설을 대구에 유치하고 있다. 광주도 마찬가지. 여기에 쓰이는 통신장비나 전기차는 화웨이와 중국차다. 한국 기업은 죽이고 중국돈 받아먹는 곳들임,6,1,0,99.36,5,7
535,"##부탁합니다  제발 꺼져주세요  보는국민만혈압올라 뒤지겠음 욕만나오고 진짜 법만없음 때려직이고싶음  ,,,,,뭔정권이 이런정권이있다니 나참 ,,,,,,,,정말 죽어도 열번다시죽어도 자칭진보좌파리아웃사이더들의집권은 사절한다 !/////",4,0,0,99.37,4,4
676,"""반부패수사부""   머리통하고는   이문구는  그부서가 중점적으로하는 업무를 말하는거고.   얼마나 무게없고 허접한가?  글구    제2의도시라말하는 부산에는 왜왜없엤을까?.",0,0,0,99.39,0,0
519,어휴 중앙일보 또 똥싼다,0,3,0,99.46,-3,3
35,개혁하는데 어디에 특수부를 남기든 그게 무슨상관이며... 부산사람들 지지도 없는데 굳이 부산을 왜챙겨? 뻘소리좀 작작하세요!!,3,2,0,99.48,1,5
706,부산을 빼면 안돼지. 거기야말로 거대 부패 온상지일거 같은데 그곳을  뺀건 최악중의 최악이다.,2,0,0,99.49,2,2
514,검사들이 반발한다고? 일선 검사들 대부분 찬성이다 온갖 형사사건들 다 처리하면서 격무에 시달리는 일선 검사들 눈에 특수부라고 목에 힘주고 승진코스 밟는 일부 정치검찰들이 곱게 보이겠냐?ㅋㅋㅋ 검찰 내부에서는 내심 조장관의 개혁안에 찬성하는 검사들이 대부분이다 특수부나 파견검사들 빼고! 이제 진짜 수사 잘하고 재판 잘하는 실력있는 검사들이 승진할 수 있는 기틀이 마련되는 것이다,1,0,0,99.49,1,1
662,윤석렬 개혁안에서 별로 달라지진않았군요...뭐라도 일한걸로 보이고 싶은거지요?참 염치도 없는 사람...이리 살고 싶습니까?,1,0,0,99.49,1,1
809,"좆국 뻔뻔함의 극치다,  너가 갈 곳은 작은집일 뿐이다,  너놈 철판 처다보는 것도 이제 내려와라 꼴도 보기  싫은 철판을 공업용 절단기로 잘게 썰어서 용광로에 넣고 싶은 심정이다.",3,0,0,99.5,3,3
947,"촛불=공산사회주의자들의정권찬탈을위한사기,조작,양의탈을쓴늑대엿다.개혁=공산사회주의자들의권력장악을위한구호,상대편죽이기위한허울좋은명분,복수를위한선전선동용어. 진보=보수를이전집권당세력을일컬엇다면,진보는현정부,집권당세력이라고말할수잇다.그구성이공산사회주의자들이주축이다.죄인좆국,유시민,이인영,임종석,박원순,김경수,전라도,등등등.민주=공산사회민주주의.진보들이말하는민주의참뜻.보수들이말하는자유민주주의와햇갈리면안됨.소위진보,개혁,민주를팔면서폭력,대모,시위,파괴를일삼는공산사회주의자들의참모습.죄인과좆국탄핵.",0,0,0,99.51,0,0
280,쒸레기 좆국문재앙정권초 반대세력을 적폐로 몰아 수사할때는 특수부 대거 늘리더니  죄국이 지죄가 들어나 수사당하니 검찰개혁이라는 탈을쓰고 본인과 범죄가족의 죄를 덥고자하는 사법농단을 자행하고있다는걸 몇몇 문슬람광신도를 제외한 대한민국 국민들은 너무도 잘 알고있지.,2,1,0,99.55,1,3
925,법조계라고 하지말고 검찰이라고 정확히 해라. 모든 법조계가 반대하나?.기레기,0,0,0,99.56,0,0
25,수사안 받을려구  부산은 폐쇄? 앞으로는 청렴한척 마누라 자식 다 권력의 힘으로 편법으로  공정경쟁없이  기득권으로 살려했지.  더러운 인간.,5,1,0,99.56,4,6
168,"박태인 기자님,  기사를 장난으로 쓰는것 같습니다.부산에 특수부가 없는것은 대검의 제안이라고 기사는 쓰고  '조국의 고향 부산은 왜빠졌나' 하면 기사 가지고 장난질하는거 아닌가요?. 기자라고~",3,0,0,99.6,3,3
598,쟤 때문에 민주당 이번에 망함  표 떨어지는 소리  와장창~~~,2,0,0,99.61,2,2
174,무조건 바꾸면 개혁이라는 너그~ 개악만 해 왔지~!!! 교육도 그래~ 경제도 그래~ 외교도 그래~!!! 국방도 그래~ 개혁이라고 해 놓고 잘못됐을 땐 잘못을 인정한 지 한 번도 없어~ 그래 놓도 내 몰라라~ 너그 전매 특허인 졸속 개악하지 마라~!!!,4,2,0,99.62,2,6
431,후안무치한 조국이 얼굴보면 역겹다...토할거 같다...저런 인간이 하는 검찰개혁이 제대로 될리가 없겠지.......넌 감옥행이 어울려~~~,2,0,0,99.63,2,2
136,부산에는 범죄가 없어서 죄인이 없어요오검찰엣니 원해서 ?  웃기지 마라 !  제발 속보이는 짓거리 좀하지  마소 !,0,0,0,99.64,0,0
960,"강도가 범죄예방책 발표하는것같네. 범죄자를 법무부수장앉힌 삶은소대가리도, 그자리에 앉아서 범죄자들인 자기가족보호법 만드느라 개소리하고있는 좃국도, 앉아서는 절대 안되는 자리에 앉아서 말도안되는짓거리를 하고있다. 특검으로 철저히 조사하고 처벌해야한다.",7,1,0,99.64,6,8
968,조국이라는 이름만 들어도 속이 울렁거리고 토할 것 같다. 제발 좀 뉴스에 올리지 마라.,8,3,0,99.64,5,11
461,가장 더러운 쓰레기가 검찰개혁을.... 말도 안되는 소리... 무능한 쓰레기정권,1,0,0,99.65,1,1
755,이 작자   꼴 사납다. 집구석도 똑바로 못하는 주재에 국가권력 개혁이라 얼토 당토 않은 짓거리다.,2,1,0,99.65,1,3
532,제목 뽑는 꼬라지. 양아치네. 조회수 높이고 싶어 애를 쓴다.,2,0,0,99.65,2,2
329,우~~~와 ㆍ  조국  다리 벌린거 좀봐~~~가랭이 찢어지겠네 ~~거시기당 이라    거시기 자랑 하려고?,1,1,0,99.66,0,2
721,"특수부 축소되면 제2의 조국 , 정경심 , 최순실 , 갑질하는 재벌이 박수치고 좋아한다 . 특수부가 일반국민을 상대로 탈탈털고 강제수사했다는 소리 듣지못했다 . 앞으로 고위공직자 , 재벌 , 대통과 특수관계인들은 특수부 축소의 혜택을 받을 것이다 .공수처가 대통령과 집권당 눈치 보고 못하는 수사를 특수부가 하는 것이다 .",16,2,0,99.67,14,18
487,급하게 하여 잘되는 것 못보았다 ... 부산이 대구나 광주에 비하여 인구가 2배 이상이나 많은데  특수부 할일이 부산에만 그렿게 없을것 같나 ????  지금도 잘 못하는 일을  그렇게 졸속으로 처리하여 어지간히 검찰 개혁하겠다 !!!!  쓸데없이 힘쓰지말고 잘하는 다른사람으로 인계하심이 어떨런지????,3,0,0,99.68,3,3
259,저개쓰렉이 다신주댕이 못놀리게 빨리 감옥독방 면회도 안되는데 갖다 처넣어라,2,1,0,99.69,1,3
653,도둑 고양이에게 생선 맡긴 꼴이네,3,0,0,99.71,3,3
467,검찰 개혁되면 친일 토착왜구 자한당 조.중.동 ㅉㅣ라시 쓰레기 신문 태워 일본으로 보내자!!!,1,1,0,99.72,0,2
868,좃국아 꼬라지 보기싫으니 가면 쓰고나온나구역질난다,1,0,0,99.73,1,1
561,특수부가 사라진 자리에 전문 형사부가 있어. 부산 특수부 사라지고 전문형사부 들어옴?  형사부가  부 울 경  관할 하고?  누굴 위해서?  이거 한다고 서초동 촛불 밝힌거?  ???  어이 없고 황당하고...,1,0,0,99.74,1,1
462,좌빨 틀딱 빨갱이들 통한의 댓글알바중ㅋㅋ 부들부들거리는거 코와이네,0,0,0,99.75,0,0
548,영남 지역에 부산지검이 아닌 대구지검에 특수부를 남기는 방안을 먼저 제안한 것은 법무부가 아닌 대검이었다고 한다.  기사나 읽고 댓글달자 ㅉㅉ,931,123,0,99.75,808,1054
220,국가전복 세력을 국민의 뜻으로 왜 끌어내리지 못 하는가~~??? 그냥 국민투표 하자~~!!! 국민이 뽑은 대통령~ 국민이 탄핵시키자~~!!! 국회는 헛짓거리 하지말고 국민투표 날이나 잡아라~~~!!! 촛불이 국민의 민심이라 생각한다면 좌빨들도 국민투표에 응해라~~!!!,5,2,0,99.75,3,7
341,21세기에 지역주의나 부추기는 기사라니 댓글알바랑 똑같이 수준이 낮네 ㅋㅋ,0,1,0,99.76,-1,1
743,조국 꼴 뵈기 싫어서 뉴스도 보기싫다 구속되서 저면상 빨리 안보기를 바란다,2,0,0,99.77,2,2
754,갑자기  소화가 안됨  채널돌림 ㅋ~  설득력  신임도  제로~~~,1,1,0,99.77,0,2
398,전국 3개 청에만 특수부를 남기는 이번 방안은 앞선 지난 1일 윤석열(59) 검찰총장이 검찰개혁 방안으로 발표한 것이다. 이를 조 장관이 수용한 것이다.,0,0,0,99.78,0,0
337,전국 3개 청에만 특수부를 남기는 이번 방안은 앞선 지난 1일 윤석열(59) 검찰총장이 검찰개혁 방안으로 발표한 것이다. 이를 조 장관이 수용한 것이다.,0,0,0,99.78,0,0
571,전국 3개 청에만 특수부를 남기는 이번 방안은 앞선 지난 1일 윤석열(59) 검찰총장이 검찰개혁 방안으로 발표한 것이다. 이를 조 장관이 수용한 것이다.,1011,114,0,99.78,897,1125
557,"소나기처럼 지나가는 비~~ 흉내는 내겠다,~ 어치피 국민들 지지 못받는 사라질 장관지시니까~~ 용쓴다~~",1,0,0,99.79,1,1
515,"검찰개혁에 대해 잘모르겠지만 특수부 몇개 없에는것이 개혁인가?떠들썩 하였지만 싱겁네!개혁이라함은 국민입장에서 불편함, 절차등을 간소화한다거나 뭐 이런거 아닌가",2,0,0,99.8,2,2
145,참 생각없고 대책없는 인간들 많어. 부산 특수부 없애면 부산은 뭐 조사 안하냐? 대구에서 하겠지.동네 경찰서 없애면 그 지역은 무법천지야? 옆동네 경찰서에서 범위 넓혀 치안유지 해주겠지. 슈퍼검찰 힘빼고 균형을 맞추자는건데 뭔 도둑이 어쩌고 저쩌고 참나...,0,1,0,99.8,-1,1
586,조국은 본인에게 유리한 검찰개혁만 한다!부산을 특수부에서 뺀거 보면 알수있다!엉터리 졸속개혁!사기꾼 조국 구속!문재인퇴진!,1,0,0,99.83,1,1
520,검찰개혁이 공정성을 잃고 사심으로 진행된다면 그건 쓰래기 이다   일단 면피하고자 했다면 담정권에서 분명 그   댓가를 치루게  될것이다 아자~~~~정권교체만이 정답이다,4,1,0,99.83,3,5
430,영남 지역에 부산지검이 아닌 대구지검에 특수부를 남기는 방안을 먼저 제안한 것은 법무부가 아닌 “대검”이었다고 한다. 대검이 제안함,0,0,0,99.83,0,0
657,이거 축소되면 존나게 해먹기가 시작되겠네.. 2년 남았으니 아주 제대로 땡겨볼려고 대놓고 인력축소 ㅋㅋㅋㅋㅋㅋㅋㅋ 이래놓고 공수처 처리되면 자기사람들 한테 수사받고 솜방망이 처벌. 처리 안되면 배째라 존나게 해쳐먹겠네... 나라가 망해가는구만,2,0,0,99.84,2,2
22,무슨 조국 고향이야 또 거기가 고향인 사람 한둘이냐? 어휴 진짜 .. 애지간히 엮어라 굴비도 아니고 질린다 니들 스타일,1,1,0,99.84,0,2
347,안 빠지면 안 빠졌다 뭐라할거잖아? 뭐 이런 그지같은 논리가 있냐?,0,0,0,99.85,0,0
774,답답허다~~,0,0,0,99.85,0,0
908,내란 반역 간첩 선전선동 이런거 다루는 곳은 어디 있겠지,0,0,0,99.88,0,0
239,윤석렬 검찰총장이 말한 3곳이 어딘지 정확하게 기사 실어주세요. 조귝이 딴 지역으로 바꿔치기해서 개수만 맞춰놓았을지 모르니 확인하고 싶어요.,2,0,0,99.88,2,2
977,이게 진짜 문제인것이 사법개혁과 검찰개혁은 여야 당정청 대국민 여론 수렴이라는 여러가지 절차와 합의로 만들어내는 것이 맞다. 심지어 야당도 조국만 아니면 개혁 찬성이라고 초지일관 말해 왔다. 졸속 개혁은 만드는 것보다 개선하는데 훨씬 더 많은 사회적 비용이 든다. 분명 더 큰 재앙으로 돌아올 것이다. 사법개혁을 범칙금 개정하듯이 하고 있는 꼴을 보자니 답답해 미치겠다,228,137,0,99.88,91,365
312,다른 사람들 수사땐 인권도 없이 포토라인 막세우면서 지놈 사기꾼 패미리 수사엔 인권차원에서 다빼냐? 좌파 위선 극혐,2,0,0,99.88,2,2
470,설마 허접한 알바 댓글 논조로 정치를 생각하진 않겠죠? 기사 먼저 읽고 댓글 다세요 알바분들. 대검이 제안한거라고 대검이! 언론 개혁을 빨리 해야 기레기들 다 골로 보내는데 말입니다.,0,0,0,99.91,0,0
656,조국이가 똥줄이타다보니아무거나나오는대로  씨부리니  이럴수밖에더 있나나라가 완전히 범죄자 하나 땜시 엉망이 되는구나이런게 국정농단이다,1,0,0,99.92,1,1
197,주로 고위공직자를 수사하는 특수부 줄이는게 서민과 무슨 상관...이게 검찰개혁이니?...민주팔이하다 개혁팔이로 업종전환한 더불어공산당,4,1,0,99.92,3,5
684,별로 새로울 것 없는 개혁이랍시고~ 다리 쩍벌리고 앉아 있는 꼬라지 하고는~,1,0,0,99.92,1,1
525,댓알바들아 언제적 지역논리 펼치고 자빠졌냐ㅉㅉ 생각이 쉬다 못해 썩어문드러졌네 제발 현생 좀 살아라 아 기사도 좀 제대로 읽고,90,12,0,99.94,78,102
771,"국민은 허수아비!국민을 위해 법가정치  권력지배자들 을 청소,.ㅡㅡㅡ법조인 정치참여  금지법 ㅡㅡㅡㅡ만들어야!공수처 신설시  법조인 참ㅇ여 금지법.이게 진정한 개혁이다.개,돼지 국민성 !정치에 선동되는 진보,보수?",1,0,0,99.94,1,1
310,읹아있는 꼬라지보소!!넌 이웃되고 다시 개혁이야.뭐가 그리 급해서 주말에 모여 졸속처리하니?그러니 너희한테 검찰개혁 못 맡겨!!!,2,0,0,99.95,2,2
486,무슨 근거로? ㅋㅋㅋㅋ 사람은 다급해질수록 행동이 빨라지는 법이다ㅋㅋ 특수부 하는일이 결국 중대사안을 수사하는 일이고 그 중대사안이 뭐 일개 일반인들 수사하는 일이겠냐? 거의 90% 이상이 고위공무원이나 공직자 대상으로 한 수사인데 이거를 이리 급하게 축소한다? 이거는 개혁이 아니고 그냥 검찰 손발 자르기지 ㅋㅋㅋ,6,0,0,99.95,6,6
940,검찰개혁보다 자기 가족부터 개혁 하라 수신제가 치국평천하라는데  이런 쓰래기같은인간을 옹호하늣 민주당국개들이나 대통이나 거기에 대깨조 현혹하는 기래기 언론들 이나  모조리 미쳐가고 있으니 참으로 한심스러울뿐이다,4,0,0,99.96,4,4
559,멀해도 공정ㆍ공평과는 거리가 멀잖쏘 대체 왜 이렇게 엉망으로 하는거요 볼때마다 토나온다구,5,0,0,99.96,5,5
348,"특수부 축소도 웃긴게 애초 입법안에도 없던 것을 조국 수사하면서 특수부까지 축소하겠다는 얘기가 나온거다. 보복성 개혁안이지. 특수부를 두려워할 존재는 재력, 권력을 가진 집단인데 이런 기능을 줄이면 누가 좋아하겠는가? 민주당이 완전히 독재의 길을 걷고 있다. 힘있을 때 지들 멋대로 독주해도 된다는 오만함이 하늘을 찌르는 거다. 조국 일가의 범죄혐의와 뻔뻔함이 어마무시한데 지금 어째된 상황인지 나라가 개판이다.",5,1,0,99.97,4,6
884,범법자가 법무장관하면서가 개혁하는세상 세상은 요~지경 개판이따로없네 공평 정의가사라진세상그럼 부산에 하나더두면되지 국민의견묻지않고 맘대로적폐수사할땐 특수부보강하더니 이젠써먹고자기들수사대상되니 범죄집단으로몰고?누가범죄집단인지 물어봐라 구속될자가 저렇게 국민기만하고 설쳐대고있으니?,18,2,0,99.98,16,20
784,더러운 빨갱이 카악~~~~퉤!!! 빨갱이 다 사고나 뒤져라,0,0,0,99.98,0,0
641,개혁은 하야손으로 해야지 어떻게 검은 손으로 개혁을 하나? 이런 개혁은  조국 자신을 위한 가짜개혁이다. 사법시스템을 망가뜨린 시커먼 검은 손들의 개혁? 참 웃긴다. 윤석열 총장의 하얀손으로 검찰개혁을 하길 기대한다.조국 OUT! 답은 조만대장경에 다 있다.,0,0,0,99.98,0,0
450,다음 뉴스 달창이 아지트화 두루킹 사기와 뭐가 다른지? 완전 다른세상 정신병원 사이트인줄 알았다...네이버 같은 자율성 보장 운영이 아니라 편파 운영이기 때문에 일반인들은 다음 뉴스에 댓글을 안다는 것이다...달창이들의 미친 소굴이 되버린 비상식 비이성의 전체주의 다음 뉴스 등 다음의 정권 똘마니적 쓰레기 환경을 개혁해야 된다. 여기에 국가지원 있는지 의문이고 광고사는 이런 편협한 정치 역사 사이트에 광고를 주는 행위는 공범과 다름없고 인터넷 사이트를 관리하는 정부기관도 이런 곳임에도  경고나 불이익을 안준다는게 말이 되나 대체?,1,0,0,99.98,1,1
701,저 시키 앉아있는 개폼봐라 지가 당대에 무슨 큰일해내는... 영웅스럽다고 자만심을 뿜어내는  꼬라지허고는. 정말 소름끼치도록 싫은 인간이다,2,0,0,99.98,2,2
116,말만 하면뭐함ㅋㅋ 고생하는건밑어직원들인덕 높은데일수록 가만히앉아서 어떡해바꿀까 대가리만굴리지말고 몸으로실천해라좀 일도안한 국회으원 연봉은 절.라게많이받아가면서 온갖 갑질은ㅋㅋㅋ머대단한지아는갑네,0,0,0,99.98,0,0
922,"입만 열면 거짓말인 양치기 아저씨가 개혁? 카메라앞에서 거만 다리쩍벌남.. 뭐가 그리 당당하지? 문통빽 아님 벌써 핸폰압수에 계좌추적에 증거잡혀 빵갔을 가족사기단이..집수사 영장도 기각되 이미 증거인멸 다한후, 한달후나 집안수색하고..일반인이었음 그리 특혜받았겠나?요즘은 거짓이 진실인양 온통 윤리와 법칙이 무너진 사회.",4,0,0,99.98,4,4
443,이딴게 검찰개혁이냐??특수부가 서민과 뭔 상관이야높으신분들 범법행위 느슨하게 해줄려는게 검찰개혁? 이런 명분으로 와해시키는건가?,0,0,0,99.99,0,0
961,"조시오패스 이 놈은 법무부 들어와서  한다는게 지가 범법저질러 놓은것 감추고, 덥고 ,없에기에 급급하구나 ! 민정수석 할때 나뿐짓은 다하고 !   참나  이런 엽기 드라마 같이 돌아가는 현실을  보니 국민으로서 통탄할 노릇이다  !",3,0,0,99.99,3,3
697,정권은 자신들의 불의를  어떻게든 덮으려고 검찰개혁 물타기   공수처를   내세운다  검찰까지 장악하면 우린  독재하라고 칼을 쥐어주는  꼴이다  이젠 정신차리고  더욱  막아야한다,0,0,0,99.99,0,0
290,영남 지역에 부산지검이 아닌 대구지검에 특수부를 남기는 방안을 먼저 제안한 것은 법무부가 아닌 대검이었다고 한다.  기사나 읽고 댓글달자 ㅉㅉㅉ문재인 정부 국가경쟁력 13위로 상승거시적 경제안정성은 1위!!!!이런거나 기사내라고.,3,1,0,99.99,2,4
213,정의가 이긴다 불변의 법칙 조국ㅅㄲ 이렇게 그만둘걸 진작 내려오지  ㅆㄹㄱ,0,5,0,99.99,-5,5
397,박정희 남로당 당원 오리지널 빨갱이  인혁당 대구사건 멀쩡한 사람  검사들 갑첩으로 몰아 사형시키고 쓰래기  공수처  답이다,1,0,0,99.99,1,1
821,졸속처리 안된다ㅡㅡㅡㅡ절대반대ㅡㅡㅡㅡ누구는당하고 ㅡ누구는 혜택? 쫓같은소리ㅡ,0,0,0,99.99,0,0
645,"모가 그리 급했냐? 공휴일에 자기 편만 모며 졸속 회의 후, 또 발표??  정경심 재판이 18일이라 발등에 불 떨어졌냐? 윤총장님 음해 공작  시나리오도 안 먹히니깐 막가파구만. 에라이 퉷. 의자에 앉아 있는 꼬락서니 봐랒.  범죄자가 무슨 낯짝으로 저러냐. 양심도 없고 창피함도 없는 철면피, 인간임??",1,0,0,99.99,1,1
773,경남 양산에 지들이 뿌려 논 똥이 많나보지. 이렇게 지들 이익에 맞게 협의없이 법을 만들고 없애고 하는게 독재지 뭐가 독재 임? 게다가 다수의 죄를 지은 범죄자가 그걸 수사하는 검찰 위에서 조종하고 인사권 감찰권까지 행사. 참 나랏꼴이 2년만에 골로 감,1,0,0,99.99,1,1
358,정권 바뀔거고  그다음  재정비  하면서  적폐특수부  신설해서   조적폐  문제앙  족치면됨   빨갱이가 다시는  발못붙히게 . 빨갱대중이  일반묘지로  내보내고  뇌물현재단인지  별이상한집단  해체시키고   유시민은  사형선고  이러면됨  시간은  우찌되었던  흐르니까.,3,1,0,99.99,2,4
974,"조국~~공수처가 없어서 버니썽 윤규근총경을 그렇게 수사은폐하냐? 손혜원은 고발되고 한번도 경찰조사조차 안받냐? 독재정권이 공수처를 가진다고? 있는 검찰로도 이렇게 편파수사하는데 공수처가지면 무조건 불기소 확정인데 독재권력 강화할일있냐? 공정한 권력을 행사해야 공수처를 동의하지. 있는 제도로도 편파적인데 공수처 생기면 부정부패가 판을 친다. 판사가 자기지위를 이용해서 주식투자한거 공수처로 조사할거 같냐? 다 덮을꺼잖냐. 손혜원이, 김경수 이런넘들 다 덮을려고 공수처쓸려는거잖아. 공수처가 공정해? 개가 웃겠다. 국민은 문재앙 탄핵한다",10,5,0,100.0,5,15
264,영남 지역에 부산지검이 아닌 대구지검에 특수부를 남기는 방안을 먼저 제안한 것은 법무부가 아닌 대검이었다고 한다.부산지검엔 현재 외사부를 포함해 관세와 항만 관련 전문 수사 부서 등 전문화된 형사부가 있지만 대구엔 일반 형사부와 특수부만 있어 대구에 특수부를 존치하는 것이 더 낫다고 판단했다는 것이다.-----기사 읽을줄 모르고 600원에 댓글복붙이나 하는 ㅎㅌㅊ들 이거나 읽어랑,1,0,0,100.0,1,1
534,거짓으로만 살아온 쓰레기가 무슨 검찰개혁이냐 곧 깜빵에서 평생썩어자빠질놈이 정말 너무 뻔뻔하고 양심없는 쓰레기인간 국민들을 더이상 속이지말고 국민들이 더 이상 분노하게 만들지말고 차라리 자살을해서 국민들께 용서를 빌어라.,3,1,0,100.0,2,4
778,박태인기자님 [OOO]들은 사진으로 올리지말아주세요 정 올려야 할때는 모자이크 부탁드립니다 최소한 눈이라도 검은줄로 그어주세요 기사읽기가 정말 구역질 나고 역겨워 고통스럽습니다,4,2,0,100.0,2,6
865,"정말로 한심해요......청와대, 정부, 민주당은.....오직 조국만을 위해서 있는것 같아요.....왜 이렇게 급하게 처리하는지...도대체 알수가 없다......정말 한심하다...검찰개혁 대상 1호가.....검찰개혁한다고...떠들어대고 있으니.....이런 처사를 보고 국민들은 믿지 않는다....부인은 현재 검찰에서 조사받고 있고....남편은 검찰개혁한다고 하니......전세계 어느나라도 이런 것은 없다.....정말 대단하다......",7,1,0,100.0,6,8
882,똥앙일보....쓰레기 유해 가짜뉴스...지겹다 지겨워...,0,2,0,100.0,-2,2
142,"특수부는 재벌, 정치인,대형경제사건,고의공직자를 수사하는곳이라서 일반인이 저기 갈일이 없다. 근데 폐지하자고 찬성하는 사람들은 뭐냐. 똥인지 된장인지 구분도 못하고 조국이 하니까 그냥 찬성이냐. 무식한건지 무뇌한건지. 촛불들고 재미삼아 돌아다니는 인간들 나라 거들낸다",3,0,0,100.0,3,3
141,"하다하다 별걸 다 트집잡고 자빠졌네~~~~~~ 이제, 조국 사냥감이 사라져서 자한당, 조중동 총선전에 먹이찾느라 혈안이 될텐데 참 큰일이네~~~",5,4,0,100.0,1,9
917,"범죄자가 무슨 개혁을 한다고 지나가는 개가 웃는다..국민들이 어디 바보줄아나?이노무 정권은 전부 돌아이들뿐이네..너거집 개혁부터하는게 맞지싶은데요..기본 양심이라곤 찾아볼수가 없네..양심.기본,근본?도덕적으로 아웃이다",5,0,0,100.0,5,5
485,"완전 민중 인민사회주의 반민주국가 공산체제가 머다냐? 패스트트랙 공수처법안 장기집권 독재정권으로 이어지는 친종북 주사파 독재정권 물이 산으로 올라가는 사회주의정책 공수처 가 뭐냐? 간단하게 독일 나치스 정권하에 정치경찰 말하자면 비밀국가경찰 이다 민족주의, 전체주의,군국주의,반공주의를 표방하는 더블어 정권 체제를 강화하기 위함이 안닌가 싶다? 친종북주사파 좌빨독재에 밑거름이 되어줄 패스트트랙 헌법개정안 공수처설치 백성을 속이고 강행하는 현정권 더 심각한건 결국 화살은 우리 국민한테 향해 진다는 것? 표현의자유 인권이 없는 나라 된다",1,0,0,100.0,1,1
456,전국 3개 청에만 특수부를 남기는 이번 방안은 앞선 지난 1일 윤석열(59) 검찰총장이 검찰개혁 방안으로 발표한 것이다. 이를 조 장관이 수용한 것이다. 전국 3개 청에만 특수부를 남기는 이번 방안은 앞선 지난 1일 윤석열(59) 검찰총장이 검찰개혁 방안으로 발표한 것이다. 이를 조 장관이 수용한 것이다.,0,0,0,100.0,0,0
